100
1000000 9000000
999999 8999991
999998 8999982
999997 8999973
999996 8999964
999995 8999955
999994 8999946
999993 8999937
999992 8999928
999991 8999919
999990 8999910
999989 8999901
999988 8999892
999987 8999883
999986 8999874
999985 8999865
999984 8999856
999983 8999847
999982 8999838
999981 8999829
999980 8999820
999979 8999811
999978 8999802
999977 8999793
999976 8999784
999975 8999775
999974 8999766
999973 8999757
999972 8999748
999971 8999739
999970 8999730
999969 8999721
999968 8999712
999967 8999703
999966 8999694
999965 8999685
999964 8999676
999963 8999667
999962 8999658
999961 8999649
999960 8999640
999959 8999631
999958 8999622
999957 8999613
999956 8999604
999955 8999595
999954 8999586
999953 8999577
999952 8999568
999951 8999559
999950 8999550
999949 8999541
999948 8999532
999947 8999523
999946 8999514
999945 8999505
999944 8999496
999943 8999487
999942 8999478
999941 8999469
999940 8999460
999939 8999451
999938 8999442
999937 8999433
999936 8999424
999935 8999415
999934 8999406
999933 8999397
999932 8999388
999931 8999379
999930 8999370
999929 8999361
999928 8999352
999927 8999343
999926 8999334
999925 8999325
999924 8999316
999923 8999307
999922 8999298
999921 8999289
999920 8999280
999919 8999271
999918 8999262
999917 8999253
999916 8999244
999915 8999235
999914 8999226
999913 8999217
999912 8999208
999911 8999199
999910 8999190
999909 8999181
999908 8999172
999907 8999163
999906 8999154
999905 8999145
999904 8999136
999903 8999127
999902 8999118
999901 8999109
