100 300
88 48 9
13 12 1
99 42 3
70 1 8
56 36 4
37 79 9
78 61 3
39 63 9
24 60 9
1 3 7
73 24 3
27 58 3
62 34 1
16 81 5
26 95 5
10 27 6
72 81 5
72 100 3
9 52 8
55 62 4
59 56 2
26 15 6
71 12 5
74 64 7
66 48 4
44 92 3
24 63 5
48 14 5
89 27 1
66 88 1
49 33 5
65 56 10
84 89 4
29 14 5
47 75 2
42 49 7
86 84 5
26 3 2
80 19 10
19 57 10
59 59 7
35 77 6
11 39 7
55 45 8
10 22 7
79 59 3
38 67 4
49 22 6
50 34 1
47 37 8
30 49 4
70 42 5
13 71 3
7 61 5
59 5 6
85 82 6
77 2 10
14 73 1
12 66 7
62 71 8
59 64 1
14 74 4
6 88 1
74 98 6
98 51 4
95 92 2
97 6 1
41 6 4
87 44 7
30 59 6
99 46 3
86 30 1
85 48 1
72 31 6
56 94 2
80 79 6
53 56 6
37 87 5
37 6 7
61 15 3
94 23 3
19 7 5
59 76 5
32 54 3
49 42 8
14 34 1
55 72 7
81 64 3
13 2 6
64 25 2
1 68 6
92 75 5
77 31 3
92 49 10
69 93 2
10 59 8
15 49 7
35 20 2
53 59 7
48 27 5
56 55 3
68 79 3
62 78 6
82 78 1
92 33 1
37 79 6
89 10 7
21 43 7
79 63 1
37 28 5
14 84 5
41 21 1
9 16 3
84 14 4
59 93 4
12 22 4
94 96 1
40 3 9
88 91 8
16 49 7
29 20 6
42 11 9
72 79 8
3 61 3
46 28 9
84 31 6
11 18 2
23 48 5
86 4 10
53 96 9
62 30 7
93 5 7
11 34 3
14 7 4
91 11 5
33 22 1
71 19 6
34 34 6
98 49 9
24 93 10
33 51 8
32 24 7
19 1 8
57 40 9
65 19 7
23 89 7
69 1 2
76 70 9
25 41 1
16 83 9
74 8 6
12 33 9
85 65 5
11 93 2
24 13 8
20 69 5
51 7 3
40 86 10
96 53 10
68 27 6
3 99 10
4 85 4
22 92 5
1 98 2
55 85 1
16 63 5
36 65 1
97 65 5
18 45 6
50 36 3
50 49 2
88 85 7
46 17 7
2 29 3
62 41 7
85 96 5
73 93 4
32 93 7
68 42 1
39 31 6
4 39 3
35 4 3
97 17 10
35 96 6
46 37 8
48 57 6
96 28 3
53 76 10
31 34 3
41 56 8
48 84 6
73 11 3
26 51 9
56 42 5
35 55 9
89 40 10
80 55 2
84 46 3
78 16 3
12 63 2
98 13 1
21 88 9
59 17 7
5 48 2
99 1 10
94 40 3
84 52 9
9 98 4
42 41 8
22 82 7
21 98 10
49 36 10
17 95 1
60 68 2
64 8 8
92 7 3
11 7 8
81 52 4
3 19 5
39 61 8
14 28 5
2 59 7
22 82 4
10 69 7
52 8 9
62 21 5
86 41 1
59 99 3
63 44 8
59 1 10
21 32 6
53 97 1
46 59 8
1 20 7
47 5 1
59 81 8
63 94 5
56 1 9
21 3 4
85 5 1
22 25 1
86 36 7
100 59 8
70 22 3
68 4 7
45 92 4
49 60 3
27 86 3
16 44 10
21 58 2
78 89 7
75 40 8
12 19 5
1 96 3
67 46 7
23 19 2
80 17 5
26 68 1
3 8 9
77 9 8
35 69 1
83 84 1
69 69 10
36 61 7
67 84 7
87 22 3
83 68 10
54 17 2
26 1 6
33 32 3
33 52 4
45 2 5
64 9 2
100 67 10
21 23 9
94 60 2
79 68 9
50 40 7
82 76 10
96 71 9
1 15 5
24 11 3
61 20 8
44 98 1
58 88 1
82 10 7
92 98 7
97 8 5
46 91 9
27 24 1
57 58 1
93 48 9
44 94 7
32 95 9
50 12 10
21 74 1
67 56 5
66 15 2
15 8 3
54 59 2
