226251.00000
511759.79310
189072.00000
136593.00000
151540.00000
372448.00000
187235.00000
115350.00000
187235.00000
151540.00000
95350.00000
95350.00000
101304.00000
120379.00000
101304.00000
57191.00000
58524.00000
57191.00000
47608.00000
15043.00000
15043.00000
24119.00000
57191.00000
79578.00000
58524.00000
53526.00000
31828.00000
31828.00000
59280.52381
31258.00000
15043.00000
24119.00000
31258.00000
45473.00000
21480.00000
21480.00000
42771.00000
17403.00000
24119.00000
24119.00000
24119.00000
38457.00000
15043.00000
53526.00000
53526.00000
31258.00000
15043.00000
31828.00000
35570.28571
15043.00000
15043.00000
31828.00000
35570.28571
31258.00000
38457.00000
17403.00000
21480.00000
31258.00000
17403.00000
21480.00000
21480.00000
17403.00000
15043.00000
31828.00000
40859.18182
24065.00000
30655.90909
31258.00000
21480.00000
30655.90909
27376.00000
31258.00000
15043.00000
30655.90909
21480.00000
21480.00000
27512.50000
17403.00000
17403.00000
17403.00000
19395.00000
17403.00000
15043.00000
19395.00000
30496.81818
40827.36364
20735.75000
20735.75000
27376.00000
20735.75000
17403.00000
30496.81818
40827.36364
27376.00000
21480.00000
19395.00000
30496.81818
15043.00000
17403.00000
27376.00000
-------------
226251.00000

