100 4950
58 1 65
55 2 72
51 3 84
5 4 70
41 5 43
86 6 66
43 7 86
47 8 67
45 9 73
25 10 60
89 11 49
81 12 58
5 13 62
73 14 65
31 15 94
45 16 85
80 17 89
38 18 49
25 19 47
23 20 48
4 21 12
31 22 37
48 23 35
66 24 28
89 25 18
46 26 52
21 27 15
32 28 44
67 29 76
65 30 81
55 31 94
57 32 15
44 33 25
30 34 86
69 35 98
81 36 20
25 37 54
5 38 99
19 39 8
91 40 27
89 41 71
83 42 73
57 43 7
5 44 91
21 45 7
19 46 100
42 47 68
68 48 5
19 49 52
12 50 9
44 51 10
13 52 35
34 53 72
67 54 98
89 55 20
100 56 80
11 57 4
39 58 15
5 59 90
58 60 70
60 61 47
98 62 93
47 63 68
55 64 100
45 65 74
31 66 1
25 67 93
46 68 28
62 69 30
87 70 94
43 71 46
91 72 9
68 73 95
67 74 96
33 75 66
64 76 29
48 77 21
64 78 89
54 79 52
31 80 82
59 81 30
45 82 19
67 83 98
62 84 1
91 85 28
72 86 29
10 87 15
82 88 54
22 90 77
27 91 74
52 92 77
63 93 57
78 94 90
3 95 7
41 96 71
68 97 70
44 98 23
81 99 30
65 100 98
40 59 90
98 17 35
58 73 85
72 30 83
90 88 32
49 79 45
26 50 39
17 83 73
62 61 41
53 23 5
38 62 68
96 85 12
31 38 95
68 6 84
79 80 34
32 64 19
5 1 29
62 14 7
19 72 3
27 16 4
96 81 40
79 34 84
38 25 57
6 29 88
36 60 68
67 42 33
53 52 81
22 18 52
84 93 96
95 100 41
23 80 7
41 58 2
54 62 45
27 69 11
15 44 34
49 62 28
34 29 34
30 7 9
81 25 15
67 89 57
63 78 89
17 34 70
98 21 99
35 50 98
93 89 55
5 54 27
63 43 23
98 10 36
54 36 53
23 93 43
70 27 39
13 41 100
51 64 49
45 4 5
26 62 59
65 79 6
49 11 76
51 52 30
41 73 84
73 62 96
32 40 27
53 58 86
86 25 24
25 93 42
32 89 88
86 29 95
68 19 19
50 55 21
84 73 4
53 80 95
87 82 32
70 47 47
34 71 65
77 85 34
7 96 99
90 15 97
97 14 98
91 38 3
72 70 47
45 85 11
38 44 72
32 29 19
18 9 27
83 56 13
86 82 53
2 100 26
65 67 87
7 51 56
68 83 65
47 58 85
55 19 51
95 86 33
7 36 97
27 95 86
95 1 42
90 76 19
2 22 57
6 50 94
68 93 80
48 70 41
58 14 82
65 70 40
28 6 83
64 92 23
58 84 47
31 20 31
20 41 79
54 23 5
27 88 87
28 52 75
16 91 55
4 76 34
64 29 16
59 1 98
60 80 68
84 27 47
7 88 74
93 50 71
8 62 65
22 52 65
32 25 36
31 8 12
17 94 5
79 88 6
76 58 85
2 74 41
72 45 14
12 91 64
96 5 85
44 72 25
47 75 76
16 7 25
73 75 71
96 77 71
25 27 10
100 61 61
46 13 29
84 52 87
99 14 25
58 33 38
1 54 47
5 29 7
20 91 99
2 7 24
64 43 46
80 21 82
80 5 81
31 88 10
56 48 61
75 38 40
49 63 93
24 79 23
98 77 54
45 31 99
99 49 15
12 45 70
49 25 100
62 57 2
58 79 80
72 5 84
7 89 65
51 98 53
51 86 13
43 29 83
40 51 83
37 64 90
78 4 32
85 56 40
13 99 35
85 50 31
94 83 63
96 91 54
23 4 87
32 74 18
78 5 31
15 7 77
41 92 74
74 8 8
60 44 96
82 62 23
67 85 59
18 14 68
60 18 92
71 38 48
86 100 34
50 5 95
76 89 26
92 100 49
87 35 69
41 7 98
90 34 56
11 55 47
39 13 98
18 8 26
66 52 87
95 85 66
39 67 27
75 21 91
37 66 85
49 27 28
93 97 83
36 97 22
90 7 74
67 41 34
10 33 46
94 49 20
94 81 47
90 27 76
5 56 29
84 23 42
47 38 37
42 62 95
21 82 63
50 48 29
44 10 64
10 53 98
54 95 91
44 71 93
56 14 3
39 74 43
58 15 80
71 64 85
22 37 47
84 70 44
3 82 47
57 5 63
12 15 96
8 55 99
56 59 68
65 21 14
25 51 64
81 90 82
16 1 40
26 84 57
49 67 81
23 13 30
24 92 42
59 97 53
39 90 43
58 51 64
87 85 58
27 57 54
2 30 35
77 40 23
93 12 62
57 48 66
55 35 34
64 97 72
61 89 45
48 32 10
17 82 30
23 40 6
4 72 85
45 34 17
12 36 2
95 37 86
16 26 62
96 38 32
66 65 68
10 56 10
1 88 78
74 69 85
93 57 26
57 33 70
24 45 63
5 28 16
49 45 24
75 7 8
32 55 70
69 25 14
40 83 16
51 72 40
97 89 62
43 52 16
15 94 45
69 71 72
41 11 64
58 20 51
51 65 85
33 77 25
85 42 66
45 79 100
74 7 68
31 82 49
22 43 3
64 25 46
88 36 61
31 69 27
47 6 99
20 53 12
57 75 80
73 99 21
69 77 25
72 34 18
92 93 9
79 97 47
84 64 77
77 7 51
33 16 91
15 73 11
83 96 66
17 30 31
73 38 31
40 81 90
37 48 68
24 89 45
6 44 71
97 15 33
80 19 36
65 46 91
19 33 8
98 85 54
16 62 11
65 25 97
23 66 72
61 9 29
63 8 9
23 99 33
35 25 14
35 98 69
27 19 100
3 7 18
96 95 25
47 99 86
65 76 19
33 26 86
96 75 18
91 39 31
92 89 76
70 18 29
19 83 37
65 62 57
54 89 55
68 78 31
46 22 38
90 83 56
47 25 26
40 89 16
98 3 1
92 13 17
37 71 81
100 63 61
8 4 91
18 90 60
7 63 46
59 7 84
19 65 71
6 32 52
90 85 40
91 32 37
27 58 76
35 18 17
71 12 11
13 12 63
66 98 29
36 9 64
3 39 69
28 89 23
18 47 37
59 69 4
48 72 63
38 10 89
51 39 32
18 52 4
37 75 82
49 36 48
39 89 86
24 58 51
63 52 63
79 27 34
55 1 17
97 82 9
77 13 72
69 67 48
5 10 94
38 100 47
44 56 53
9 80 35
65 89 12
51 67 1
8 95 29
43 36 50
71 18 32
16 44 83
88 35 69
59 15 61
45 36 11
26 89 73
28 8 5
33 62 79
85 27 17
46 93 83
28 75 82
97 9 61
68 32 89
73 46 69
50 69 58
23 55 44
28 48 94
65 64 63
1 80 70
28 54 55
91 3 94
54 66 83
83 69 77
61 19 41
38 86 7
72 50 93
70 54 38
12 89 9
86 60 12
86 83 1
37 77 64
23 31 68
51 12 62
12 47 17
28 3 67
65 23 32
8 76 49
17 41 30
37 96 85
42 28 72
17 15 22
55 81 58
63 19 57
86 46 2
9 15 78
1 68 43
32 80 58
87 1 9
63 75 19
64 42 35
87 56 37
21 100 78
20 84 1
62 74 66
62 2 72
38 23 13
97 46 88
96 58 67
66 6 28
99 84 13
8 45 49
59 23 42
80 81 37
32 60 10
52 31 79
71 35 58
2 84 13
54 27 95
8 69 17
37 51 31
44 70 84
28 92 77
94 23 67
9 46 9
41 79 38
78 87 70
99 67 60
76 70 28
20 52 88
27 61 28
98 53 59
6 88 13
24 47 87
7 55 10
100 18 94
16 6 39
48 49 43
77 3 28
25 39 55
7 14 67
46 44 53
10 69 49
86 26 8
57 97 79
64 53 36
60 100 26
67 50 93
7 67 80
99 86 60
22 66 31
38 3 3
22 28 62
47 98 2
39 98 17
81 39 86
98 95 58
68 51 43
97 58 24
78 45 91
9 3 11
67 44 65
28 14 61
29 22 53
2 75 93
35 63 38
22 1 52
12 40 68
69 32 14
98 93 60
55 24 51
30 45 52
68 82 96
19 60 1
57 1 12
26 29 59
94 30 63
34 56 93
97 53 93
24 39 97
31 37 60
10 12 61
23 14 92
34 77 87
30 29 88
84 87 51
8 59 17
37 43 73
1 38 54
50 25 75
95 88 22
65 36 2
76 56 43
39 77 79
41 30 54
20 11 53
53 11 58
66 94 63
75 85 20
46 31 95
98 99 60
22 62 89
27 36 72
67 38 48
33 68 88
68 16 78
70 49 53
34 91 9
64 5 91
19 69 9
63 18 9
48 39 86
83 62 33
8 73 19
92 6 65
80 34 30
63 1 3
53 37 60
53 74 6
86 64 15
64 40 78
40 26 11
82 38 42
45 25 73
86 8 50
11 29 49
50 32 22
87 14 58
76 51 76
50 80 59
12 6 99
26 83 36
25 42 22
37 91 9
23 83 39
36 29 14
60 48 20
16 42 62
25 82 64
24 2 77
17 67 17
47 86 28
40 66 81
94 37 52
33 50 79
31 18 83
67 6 72
9 63 65
33 93 14
96 28 61
98 28 23
22 94 14
79 68 47
64 47 83
70 77 12
55 40 33
100 40 37
90 13 32
77 49 25
2 77 28
50 14 25
49 30 48
5 79 20
90 53 24
49 58 14
50 23 44
73 4 28
39 17 47
11 36 85
50 62 71
20 40 26
19 59 36
68 77 99
9 74 71
16 88 72
94 79 76
92 2 20
17 25 24
76 13 82
76 38 77
18 4 87
12 30 52
83 30 93
22 12 38
55 58 77
68 99 14
59 92 89
17 55 91
72 17 37
76 66 74
97 86 2
13 73 20
80 76 80
12 23 99
50 9 35
45 57 21
11 99 94
92 23 53
81 63 33
38 4 6
81 57 11
21 16 45
57 69 73
93 48 6
51 69 20
32 83 5
59 28 24
12 14 15
10 62 73
50 37 21
84 81 10
47 94 42
9 72 45
30 78 87
87 25 49
67 57 85
21 39 15
52 75 87
86 42 91
57 2 68
49 52 56
29 15 9
36 67 86
26 49 87
54 17 32
80 57 1
88 45 60
29 44 96
90 95 50
35 3 21
11 10 46
73 55 52
48 76 32
3 12 43
6 46 24
14 95 5
38 34 12
49 24 81
92 14 68
74 57 34
1 27 52
61 78 57
51 95 54
86 28 92
68 59 71
41 52 20
49 41 35
85 36 6
45 99 99
5 51 43
91 31 17
55 41 77
83 61 90
69 90 88
65 92 96
24 17 6
71 83 85
18 83 87
38 8 88
48 43 72
22 7 57
58 99 98
2 4 58
80 96 90
30 98 73
87 67 55
41 18 36
16 31 1
49 71 33
49 44 74
10 67 98
9 95 87
35 46 53
80 33 60
69 55 69
82 13 85
78 85 5
16 54 68
19 36 27
21 5 64
5 84 32
34 93 14
82 91 56
22 10 58
50 13 89
4 48 51
10 70 50
62 13 89
12 32 17
40 21 36
11 94 24
40 87 67
73 82 41
2 52 95
94 24 40
35 21 57
60 99 25
55 59 7
39 96 26
71 97 45
38 77 36
76 99 54
33 14 17
4 68 76
18 56 36
33 40 5
27 76 79
45 76 92
46 61 45
7 69 99
14 38 80
68 22 54
81 49 87
93 26 100
7 68 81
11 33 47
1 9 85
61 28 39
46 52 27
5 42 59
74 100 62
8 90 25
91 25 19
58 7 19
86 84 77
79 33 95
38 28 94
42 95 77
79 55 7
4 51 44
74 20 46
51 38 31
85 97 77
96 47 69
33 71 56
91 52 100
66 78 56
69 56 5
47 3 17
74 12 11
45 66 49
21 18 44
1 33 34
16 41 71
15 80 30
31 3 1
30 21 24
4 25 33
96 48 73
47 33 94
26 11 35
13 56 34
43 85 22
22 95 77
36 87 40
77 63 48
3 71 17
13 29 20
91 2 96
21 47 18
32 58 14
26 99 55
7 29 46
19 1 13
24 80 66
25 9 3
33 59 22
39 57 67
14 9 70
36 26 52
73 80 99
62 21 2
10 32 62
68 80 62
27 40 88
71 2 63
25 80 41
27 10 36
33 39 7
41 44 25
22 16 65
66 99 6
49 51 1
81 51 26
22 55 13
36 73 72
80 67 25
66 15 89
86 65 54
62 71 58
81 30 93
1 79 49
46 85 24
71 46 78
57 77 5
25 26 65
52 39 92
35 59 67
83 50 86
76 14 72
35 66 92
87 12 96
92 99 57
2 56 87
99 40 72
26 77 33
43 77 75
16 19 44
60 24 65
30 43 95
17 89 51
48 62 56
52 48 37
1 72 6
60 67 48
75 24 77
84 31 18
52 29 64
80 22 17
92 73 8
10 52 31
87 37 81
18 50 98
22 44 17
60 52 88
43 18 79
17 21 88
76 81 37
32 35 22
92 81 56
37 55 86
95 30 61
76 10 29
20 89 66
74 82 3
5 97 24
77 22 59
29 25 68
42 20 80
77 65 11
86 66 34
82 78 5
27 67 65
13 55 84
32 49 68
59 18 29
37 82 46
98 24 42
19 77 64
74 89 58
74 22 58
61 84 27
87 13 61
39 11 23
72 77 75
96 9 20
97 18 70
11 73 63
53 89 53
18 96 89
45 74 16
76 12 63
40 80 81
51 84 44
53 14 83
43 78 9
10 23 63
70 45 24
90 89 99
33 30 26
49 89 10
65 56 85
3 69 25
65 72 57
30 18 87
84 30 6
94 27 51
82 33 63
16 71 83
97 95 30
47 17 31
85 10 87
79 42 76
71 99 64
71 84 43
84 72 64
66 89 94
11 25 49
100 36 55
42 14 49
85 51 67
72 40 11
81 95 57
69 75 18
7 13 24
50 87 67
37 8 48
25 59 66
53 51 29
7 86 91
65 35 15
8 21 74
35 30 63
6 58 22
37 34 92
37 56 2
35 76 91
87 59 26
20 55 21
87 8 89
81 42 90
8 57 16
46 23 65
19 99 16
39 94 69
71 8 29
23 33 75
91 19 18
73 37 96
2 94 12
65 90 39
82 47 40
26 32 74
34 73 51
100 28 82
15 85 42
74 30 5
53 96 79
74 16 44
1 69 42
11 84 49
59 14 74
25 73 56
58 36 82
22 34 15
11 63 34
67 46 92
47 83 46
84 41 83
75 61 91
32 46 96
57 47 89
4 27 47
50 73 28
15 38 46
42 50 27
48 81 1
64 88 25
20 33 38
37 26 6
71 47 82
23 51 21
34 62 41
54 61 19
91 65 29
83 39 80
85 48 4
86 43 4
25 28 93
8 96 67
39 37 18
34 32 56
86 1 40
51 35 99
29 31 57
90 63 79
80 43 55
52 15 13
3 66 15
65 16 96
41 2 37
87 49 14
64 89 26
93 74 46
87 81 100
68 54 42
11 66 10
76 71 3
91 68 42
65 60 29
97 47 62
99 72 79
32 65 26
31 43 98
20 72 81
17 88 55
61 67 99
98 76 29
9 88 14
68 88 24
90 44 41
6 70 94
11 93 83
64 79 21
50 75 57
57 73 64
25 22 86
24 78 2
18 87 40
7 23 44
81 71 86
99 35 77
45 27 33
86 21 17
23 82 55
7 27 90
33 66 50
87 11 20
13 18 9
50 68 96
28 11 55
51 45 49
76 36 42
84 94 6
48 14 93
45 87 76
1 62 65
94 45 82
86 9 22
75 1 91
28 57 10
8 10 93
68 61 35
10 6 18
18 12 38
1 98 22
18 89 80
51 59 59
24 8 25
27 60 13
25 66 50
52 1 87
22 17 35
87 9 52
64 93 3
94 89 98
39 66 5
65 93 4
3 81 54
16 32 6
60 89 50
90 100 5
15 92 29
49 55 6
5 37 19
38 7 93
96 57 66
38 55 72
97 26 35
5 18 22
63 30 60
45 58 18
38 95 18
53 32 84
67 3 57
15 18 100
97 52 45
80 89 100
4 50 56
61 95 100
72 55 55
82 12 73
95 50 69
38 64 54
32 24 9
63 50 87
9 90 10
11 23 9
87 97 58
59 48 66
35 80 22
29 3 89
42 73 30
52 76 59
40 31 46
13 93 33
43 96 4
74 78 100
44 84 99
19 7 9
48 83 60
13 21 25
72 66 29
90 68 90
48 11 43
13 58 30
9 33 32
7 82 77
40 69 93
80 86 8
45 91 83
44 65 76
8 22 44
52 78 84
28 62 99
48 90 27
96 6 41
80 20 46
88 57 73
4 59 98
36 78 53
98 54 69
36 61 88
46 64 65
26 76 69
8 80 91
46 28 28
3 45 48
27 41 35
84 12 24
41 74 54
93 40 44
29 14 33
86 74 86
66 91 35
16 66 14
67 48 65
95 89 12
69 73 42
68 47 66
71 6 49
16 77 67
8 30 84
65 59 95
13 66 25
58 26 31
4 39 69
38 74 43
84 18 32
88 41 74
17 99 35
90 84 42
76 9 72
40 30 64
15 93 18
81 61 87
33 56 1
20 51 24
83 5 100
19 52 18
84 33 92
78 20 87
95 48 97
49 46 10
68 37 36
53 42 42
87 88 91
40 79 57
29 82 98
92 42 86
44 13 100
68 30 76
60 57 50
2 67 88
32 2 28
91 86 18
18 55 55
4 1 20
62 89 7
20 96 44
80 7 14
10 15 68
5 67 31
75 49 94
70 73 83
23 73 97
100 23 78
51 31 58
3 88 12
81 53 78
26 27 44
55 15 46
23 15 25
84 39 23
77 94 51
13 86 51
6 2 95
7 95 78
90 52 11
2 82 84
90 4 99
50 89 48
35 34 23
39 10 68
7 73 56
91 42 96
22 75 36
79 26 64
32 87 61
98 73 3
13 25 58
71 13 46
21 71 71
99 38 37
86 11 29
61 93 79
91 7 86
83 80 35
27 5 77
66 81 88
55 77 93
45 83 33
41 83 37
40 65 34
100 20 57
65 31 31
37 20 2
91 6 72
4 46 65
65 97 97
1 6 65
77 82 55
18 45 84
80 66 83
52 61 6
43 17 92
55 42 25
59 11 65
52 40 83
43 13 16
70 24 20
28 1 26
46 36 66
28 76 87
60 94 77
91 60 53
85 17 51
22 59 68
71 52 79
44 30 17
75 100 29
54 29 29
59 43 48
79 15 30
100 24 47
69 94 95
73 17 62
28 55 49
66 63 8
50 15 14
3 83 99
6 64 53
70 90 89
24 36 78
96 21 51
57 72 75
59 31 82
87 91 24
13 54 100
32 30 13
79 93 20
50 36 50
33 21 56
36 72 50
79 89 45
62 72 52
41 60 61
43 81 66
64 9 21
100 10 23
44 97 56
81 16 30
21 46 26
73 83 3
93 17 41
76 82 95
31 12 30
16 78 42
85 80 73
62 18 47
81 6 24
82 19 14
82 39 65
37 86 75
11 4 67
76 84 100
100 12 16
47 43 42
32 96 70
26 17 5
93 82 50
38 39 66
95 60 43
74 98 23
73 90 47
54 73 66
79 44 96
83 85 65
31 44 84
85 89 37
56 12 84
53 26 19
31 58 90
32 93 83
63 4 20
98 16 30
25 76 24
95 73 41
47 73 98
41 100 80
38 24 52
39 41 77
84 24 68
18 28 21
26 2 71
37 12 81
5 47 11
96 62 47
57 53 6
50 47 25
71 67 79
13 40 97
26 80 43
15 8 90
51 56 68
77 74 3
98 75 56
62 93 18
96 40 43
37 15 38
42 30 25
52 30 100
81 10 61
43 56 50
86 15 22
37 28 41
48 1 73
84 69 67
88 75 25
66 36 30
100 93 18
1 66 30
10 16 21
68 89 52
19 73 33
13 89 92
95 21 71
10 40 14
47 53 13
77 75 72
39 65 10
16 80 5
22 49 80
15 22 57
34 94 70
91 64 30
67 32 64
92 30 3
79 23 51
70 79 13
43 4 19
56 15 6
23 42 43
32 78 19
82 8 81
62 67 22
88 76 92
3 23 67
95 35 56
55 29 72
9 93 32
6 95 77
10 80 39
72 15 89
96 19 40
79 47 99
87 62 2
88 21 66
52 32 80
73 79 97
5 65 68
38 26 18
22 78 7
65 20 30
67 59 35
16 23 26
82 49 16
3 32 36
33 22 33
78 80 4
26 15 45
60 43 1
40 97 87
11 79 15
29 99 73
47 74 22
16 29 33
82 27 50
78 53 14
39 79 80
8 44 55
90 72 55
58 21 81
83 53 82
37 72 42
81 74 23
2 51 50
6 98 26
56 22 90
71 10 79
97 48 9
40 68 32
96 100 82
27 92 75
81 13 96
27 37 9
28 23 34
22 86 46
99 96 46
38 30 38
30 86 70
35 1 90
8 66 43
35 86 6
54 14 56
76 78 90
31 6 57
85 40 74
60 59 23
63 74 77
15 70 72
16 36 74
39 87 58
19 6 58
75 29 54
36 48 10
15 13 10
79 100 63
42 37 21
12 63 8
72 100 60
32 70 61
75 15 4
95 62 68
93 75 17
69 52 75
1 82 8
44 11 78
79 75 39
98 87 77
9 92 75
48 73 6
12 39 15
68 49 49
12 65 7
67 94 27
97 27 17
3 14 6
35 15 83
46 95 24
76 92 38
51 41 56
23 41 68
11 95 11
32 63 84
52 34 59
2 35 57
4 36 18
75 8 18
22 20 64
10 84 26
95 4 4
64 61 39
35 4 35
4 53 61
27 9 69
61 38 100
77 30 31
98 25 30
1 24 100
76 55 62
59 57 79
69 70 84
35 41 87
76 100 56
61 76 100
86 94 78
3 86 63
61 47 5
15 77 76
17 56 24
88 23 67
1 39 19
11 88 27
79 95 54
35 23 51
16 58 86
88 50 95
77 99 99
25 94 68
33 69 20
76 29 55
65 9 30
42 89 1
86 57 61
84 14 65
11 96 51
94 10 47
12 59 67
100 29 17
83 91 99
33 51 88
59 26 93
68 29 59
31 89 90
75 20 80
45 84 64
16 73 40
34 60 92
59 78 62
11 31 90
50 44 17
25 97 2
45 100 1
35 67 3
5 73 91
24 7 33
27 68 59
1 91 33
76 93 58
11 64 90
40 46 22
63 5 73
44 58 65
92 19 94
88 46 35
90 77 84
54 88 21
51 96 56
80 55 2
59 20 62
8 5 88
99 85 97
1 73 56
100 83 57
16 89 26
53 50 19
53 12 79
6 41 90
100 64 78
21 23 85
75 99 76
58 18 39
90 86 49
58 23 84
46 25 88
71 56 43
53 72 96
90 66 92
100 68 34
60 85 23
66 55 38
64 82 17
67 84 69
64 95 31
8 98 8
97 1 85
75 25 52
37 1 3
47 20 55
60 9 64
12 94 11
3 22 82
98 70 15
40 78 13
70 26 3
92 77 13
6 83 12
73 30 15
31 96 62
51 99 69
56 58 65
20 86 94
20 39 67
84 79 100
16 59 97
24 18 52
19 67 47
16 9 13
92 80 3
29 84 62
65 17 25
42 96 58
92 17 70
4 75 24
16 17 95
41 70 2
64 18 11
62 37 16
83 14 30
20 87 26
54 25 63
45 48 3
7 40 2
69 11 64
32 86 39
69 28 96
49 33 66
4 26 76
5 86 100
77 87 89
65 49 5
59 58 70
30 39 22
27 74 32
11 12 82
35 94 87
68 87 75
13 84 33
8 35 82
47 52 28
8 48 50
95 83 67
37 19 20
43 3 50
22 30 68
76 68 99
14 25 13
64 56 28
86 69 89
45 6 93
22 88 51
76 34 100
75 80 67
71 78 24
79 46 56
26 51 97
84 35 3
12 86 68
17 61 58
2 25 93
33 53 91
79 72 49
25 44 90
93 56 10
82 42 93
81 29 100
49 40 31
47 87 93
41 65 48
3 19 13
70 89 36
81 45 85
20 64 99
76 97 62
83 89 31
100 88 59
12 21 25
90 36 99
24 11 80
9 4 50
77 76 40
99 39 33
22 81 54
45 75 11
11 2 56
13 30 43
3 73 92
88 33 100
3 42 17
92 48 43
40 90 91
34 19 85
14 77 3
98 38 55
93 80 3
60 2 3
32 8 4
45 2 48
16 30 83
57 44 90
74 21 18
23 91 14
83 7 58
32 82 60
15 95 91
35 48 46
63 27 66
54 58 11
57 38 78
21 29 17
47 56 63
42 69 53
42 31 31
28 20 49
9 69 50
9 73 81
70 23 82
22 79 35
62 99 97
11 7 14
52 96 34
88 62 98
76 86 43
16 3 89
50 38 24
72 49 15
65 95 97
4 97 27
78 9 24
33 8 47
83 72 68
14 20 19
67 81 57
38 35 49
57 42 39
90 64 14
66 64 50
46 43 58
86 54 24
39 2 44
45 14 4
66 60 66
2 63 11
16 76 66
69 96 22
50 28 13
85 34 4
44 100 85
4 69 93
78 77 56
84 34 42
52 59 84
56 11 46
12 2 80
72 38 4
78 31 7
95 75 99
11 27 100
1 44 87
73 52 20
46 38 31
6 72 21
43 50 29
21 6 82
50 49 6
14 49 72
20 62 21
82 52 66
54 11 2
66 28 57
44 48 98
36 77 36
69 58 79
55 9 46
19 84 7
37 13 25
58 86 74
58 81 41
98 31 40
34 98 4
74 92 10
26 24 64
6 13 65
4 65 85
27 64 45
88 93 34
56 31 85
87 93 55
21 94 42
64 57 67
50 82 33
30 75 33
14 72 40
23 81 89
30 28 39
85 44 34
74 80 32
65 11 10
57 46 54
9 66 76
3 61 71
100 17 45
45 40 45
51 57 70
92 7 67
58 63 53
43 6 52
91 95 67
62 56 12
66 49 26
92 96 52
2 89 43
2 31 34
80 2 82
74 42 14
10 17 23
83 22 64
87 46 23
43 27 90
12 79 95
45 55 82
79 98 71
39 22 42
57 9 51
90 71 58
62 6 32
5 76 100
3 58 14
73 66 52
58 25 9
15 39 34
7 60 69
17 69 54
98 52 21
87 63 89
72 16 28
14 31 49
3 27 93
70 97 39
74 66 38
67 55 50
83 51 20
5 66 64
54 50 91
97 20 3
94 64 44
62 75 28
99 12 62
61 1 78
83 15 58
27 48 80
17 35 59
99 94 42
72 2 24
74 76 55
54 12 3
16 34 26
11 85 36
4 24 28
70 40 75
4 64 35
43 70 30
11 60 1
70 25 100
7 81 100
49 8 23
10 1 72
85 88 66
61 50 49
59 39 84
83 97 27
95 20 98
45 96 10
3 80 77
11 35 88
14 16 88
82 58 75
43 15 3
7 93 73
63 53 72
85 79 42
99 18 50
53 59 84
48 18 5
75 71 52
100 39 50
26 92 11
90 97 24
47 65 99
19 86 76
73 28 81
88 58 32
61 40 12
54 69 40
29 19 75
84 83 84
43 32 72
97 49 66
94 91 68
1 40 26
21 92 65
2 64 66
49 86 74
96 87 17
79 38 77
21 84 13
71 61 48
65 15 61
80 65 18
87 55 18
1 31 79
46 30 31
46 14 76
22 6 15
99 88 82
23 5 87
57 85 67
59 49 41
65 74 10
65 99 41
2 38 56
59 3 12
33 65 63
40 5 45
92 79 96
91 29 56
73 20 84
40 17 46
91 53 28
52 6 6
85 84 23
31 24 29
7 100 50
99 53 3
97 98 72
43 14 38
43 74 64
49 10 53
66 95 47
74 14 57
50 66 12
20 67 25
97 35 45
31 83 55
61 12 33
4 34 61
77 62 16
48 5 87
74 83 16
42 34 79
52 45 24
24 82 2
66 26 47
54 91 22
54 33 81
45 42 29
83 79 46
62 30 67
75 67 31
80 58 53
73 87 38
23 71 81
62 23 38
9 19 96
88 84 77
14 57 66
31 72 85
96 25 54
58 100 86
9 21 21
72 28 79
21 32 10
14 93 19
87 72 7
48 84 36
18 40 60
20 70 79
9 51 43
34 6 51
74 28 85
71 1 76
48 78 59
2 49 10
69 49 75
76 67 68
62 68 12
85 65 33
58 70 66
71 89 15
82 67 70
82 40 35
24 96 86
23 75 51
77 64 30
80 49 33
18 46 76
2 20 64
71 39 58
24 63 62
94 90 64
21 51 56
3 97 2
48 42 21
99 44 73
92 69 11
77 53 70
55 85 88
87 89 24
98 40 24
16 46 34
43 42 90
59 73 74
35 39 41
48 41 61
69 53 60
30 97 39
62 78 35
19 93 41
100 22 26
42 71 27
52 11 85
4 15 20
44 18 41
10 88 1
60 5 32
85 61 25
34 14 89
74 79 31
4 40 3
1 46 25
53 46 18
68 98 80
43 23 88
8 29 65
65 29 1
88 55 19
36 89 56
10 47 59
88 49 28
24 33 29
84 43 94
53 39 44
88 78 6
59 36 17
37 99 66
77 60 82
16 61 27
50 94 6
29 59 43
80 39 86
75 58 42
39 86 28
29 60 78
31 70 73
37 85 15
11 51 7
79 86 66
99 79 59
9 94 30
82 53 63
26 28 29
31 61 36
24 46 93
31 34 96
26 8 46
61 45 20
36 1 76
52 99 84
1 84 35
30 58 66
54 2 7
39 88 40
63 29 9
48 71 48
58 40 20
46 84 45
79 32 94
31 54 42
64 98 60
60 63 28
4 77 75
29 78 45
29 2 97
56 54 65
93 66 79
99 34 10
73 77 85
85 70 35
100 33 56
67 58 33
95 19 18
58 57 89
25 43 30
29 85 85
14 75 22
86 73 50
84 65 98
67 96 37
37 76 86
58 5 98
21 57 97
19 22 18
56 45 3
76 53 56
70 56 58
43 99 57
3 8 92
74 34 74
85 24 3
86 63 98
26 73 80
86 4 17
5 12 48
38 42 8
24 54 25
27 8 91
33 70 30
44 74 27
91 80 48
84 78 99
63 73 45
98 27 52
68 10 18
41 45 78
81 54 56
41 47 8
71 5 60
4 81 54
66 30 64
7 35 15
33 45 97
91 24 69
71 86 9
38 32 66
63 85 11
44 77 36
100 11 65
55 54 72
92 12 86
46 7 24
19 30 16
28 81 9
46 63 88
100 53 30
59 71 67
9 13 72
34 89 89
14 30 90
26 91 33
69 26 15
74 33 42
71 17 71
63 84 51
17 33 82
60 39 27
26 63 62
60 26 21
41 21 18
23 77 77
96 74 48
38 9 31
19 23 6
23 56 99
90 5 33
60 23 82
60 4 99
81 1 11
17 36 25
19 62 76
91 51 65
78 83 43
7 21 40
77 80 74
69 68 68
37 9 89
34 58 45
66 53 62
90 30 3
20 60 47
61 96 21
5 68 12
70 9 14
17 3 99
37 45 88
77 67 17
58 11 66
52 7 32
98 94 74
94 80 33
9 71 68
61 39 53
15 28 63
20 26 83
15 49 1
52 64 37
41 80 85
90 2 54
54 10 46
67 98 55
27 2 99
19 38 69
46 41 79
50 57 85
69 36 34
50 99 73
12 88 100
99 4 95
25 12 6
45 93 97
42 17 15
11 62 47
9 77 68
95 36 83
30 59 36
8 20 45
96 82 80
35 13 30
60 88 26
9 53 15
83 87 3
72 81 98
44 89 57
60 87 37
62 36 74
93 41 61
14 51 79
12 80 89
15 42 98
33 15 92
32 71 1
46 78 79
16 70 63
85 25 88
48 15 29
19 64 64
88 20 66
46 15 68
53 61 86
51 77 9
62 46 91
29 12 89
86 85 80
23 44 68
68 44 22
49 17 76
50 16 37
96 49 55
52 50 19
83 81 19
52 36 49
51 61 36
13 49 40
70 12 93
41 90 16
4 74 32
43 97 10
9 98 23
85 32 54
26 68 97
12 1 25
41 36 97
80 46 90
93 21 23
72 75 60
23 57 20
10 29 58
92 87 49
97 11 71
6 69 92
28 2 27
93 67 73
65 75 34
95 40 38
25 55 18
70 22 21
81 24 28
32 33 100
94 55 33
99 22 4
36 71 3
8 94 36
11 92 13
19 15 7
49 7 55
15 47 78
63 69 58
69 21 23
53 29 4
63 89 80
66 38 3
60 64 56
6 35 41
94 38 87
70 81 64
93 24 98
33 98 33
17 2 90
73 65 45
58 2 68
54 52 65
82 89 10
21 37 41
4 17 79
44 96 8
97 78 33
82 71 11
31 57 62
21 97 46
81 93 9
13 45 59
44 4 13
15 71 63
99 42 83
73 72 27
3 72 76
4 84 11
61 35 82
13 53 63
90 14 100
61 34 53
99 93 57
37 18 78
30 89 17
72 47 7
27 23 50
61 20 29
17 78 2
67 63 10
66 96 66
45 71 96
83 10 17
25 90 53
15 78 35
27 99 15
32 45 93
49 9 69
80 45 37
77 20 88
68 67 45
58 61 50
74 97 62
53 48 92
84 42 62
26 56 48
93 1 99
45 67 21
94 29 97
51 75 68
25 60 100
59 70 4
20 24 3
44 52 56
79 37 49
14 71 72
92 25 30
75 90 21
30 50 12
3 78 91
90 47 66
62 53 72
92 54 37
59 96 98
86 59 18
53 7 11
10 74 83
74 35 9
56 79 95
35 64 69
21 67 28
25 61 59
80 11 32
35 5 31
31 71 65
60 35 79
77 50 91
28 82 81
81 50 81
79 4 81
27 24 8
4 85 24
65 43 55
67 53 86
26 64 10
21 48 64
69 12 44
35 45 41
83 75 92
71 26 7
14 69 45
82 85 31
82 16 88
66 79 47
10 58 64
52 65 99
2 59 83
15 5 85
31 21 24
66 75 25
23 61 79
59 10 47
2 65 68
42 13 71
81 86 54
68 12 68
36 86 10
84 36 60
47 93 90
40 28 4
76 21 19
32 77 35
37 41 69
78 51 49
3 52 40
31 79 20
93 6 32
58 87 24
42 12 88
30 56 23
3 57 72
70 53 52
83 36 87
25 34 65
21 43 39
47 80 22
87 26 82
67 40 24
22 14 51
62 25 32
81 26 99
57 71 88
27 44 53
17 45 54
13 11 56
82 65 23
36 56 5
8 79 68
66 44 46
92 82 73
16 84 56
66 48 27
30 99 19
95 2 49
29 45 85
91 67 88
3 26 92
82 9 20
95 87 39
45 10 57
23 26 16
75 36 44
4 14 42
98 29 85
44 35 49
95 94 24
17 95 69
80 38 57
64 8 17
100 4 15
88 25 61
5 52 78
47 9 68
73 96 63
15 76 93
85 54 70
36 98 32
100 30 83
28 7 76
31 90 18
65 38 23
8 78 57
60 8 1
61 70 25
94 82 16
35 83 67
57 95 60
67 66 24
57 35 81
71 74 92
11 78 74
2 43 22
81 41 1
92 22 87
98 89 97
37 63 94
53 79 94
27 55 66
87 74 63
15 32 88
23 36 49
49 90 11
12 83 89
7 8 72
85 66 18
45 53 44
11 43 60
54 65 72
46 51 6
72 56 62
74 49 24
95 26 23
20 3 50
52 95 17
46 42 54
19 85 56
59 98 52
26 30 22
7 37 85
99 97 76
76 63 12
72 74 52
32 22 41
95 5 62
21 79 18
94 14 37
94 43 62
5 11 22
44 19 99
74 29 16
44 83 44
46 83 85
39 44 77
21 87 78
2 93 48
97 7 99
58 64 48
88 81 17
20 83 56
100 6 64
68 63 35
73 81 28
76 33 82
39 85 72
32 47 25
36 2 85
75 13 75
40 25 77
8 83 23
88 74 78
4 92 75
90 61 3
87 86 21
31 75 33
99 36 90
28 70 90
71 79 100
58 74 43
28 10 14
37 93 88
78 38 36
76 32 76
65 24 67
74 85 20
91 5 84
66 2 43
34 66 6
14 100 66
1 11 5
3 75 50
39 6 91
87 19 75
24 64 82
61 6 41
84 53 37
17 86 27
22 50 22
19 14 6
26 10 68
56 73 61
9 68 46
93 69 42
10 60 5
3 54 36
12 60 40
46 90 2
6 76 71
99 5 72
81 31 52
10 48 56
35 58 58
60 93 71
48 75 36
33 95 74
99 87 65
18 29 15
85 21 13
93 5 21
82 30 28
44 45 14
55 52 28
58 78 82
43 33 99
24 44 2
66 12 76
53 86 27
2 76 74
74 50 69
56 82 50
28 16 42
55 82 55
92 47 44
20 98 14
54 51 77
85 58 22
55 34 12
27 96 15
84 55 49
70 88 77
41 24 56
77 25 30
30 6 55
68 71 35
29 77 51
55 65 52
2 68 56
85 38 36
35 54 14
43 28 86
35 81 46
75 86 46
13 100 36
1 7 39
25 20 9
63 72 78
38 92 63
36 63 57
99 95 14
61 63 15
26 43 51
52 25 43
58 22 27
61 57 6
47 23 51
31 25 8
76 87 60
91 93 40
74 18 94
58 66 39
27 46 40
53 25 35
38 37 9
22 69 39
27 51 81
37 52 13
83 59 29
2 73 11
46 74 2
76 47 57
95 78 12
7 32 66
35 53 89
4 89 33
12 64 65
94 88 3
2 16 42
17 84 82
79 81 4
95 82 92
59 89 10
53 87 36
44 87 75
15 69 77
8 41 37
43 69 89
62 5 24
49 3 32
15 61 16
18 76 36
19 32 8
8 67 81
22 21 21
73 89 42
60 69 88
14 65 62
87 33 68
100 97 21
95 47 41
83 93 19
22 71 56
92 50 42
24 88 25
41 4 9
28 31 12
4 67 30
47 85 19
29 69 42
6 78 88
51 66 32
20 21 84
41 10 94
100 77 45
83 27 32
30 47 96
64 23 4
72 18 75
4 98 22
47 51 98
50 19 10
73 24 19
26 14 48
62 59 56
84 75 31
13 17 51
51 60 52
34 75 28
78 21 17
50 59 6
35 90 80
82 11 78
36 64 99
50 1 19
53 60 50
34 5 19
69 47 65
56 88 35
47 16 31
58 4 95
34 11 61
37 88 4
48 46 14
96 94 61
91 58 56
88 47 45
42 100 34
61 59 35
7 20 42
71 40 56
39 73 82
31 10 65
98 81 68
12 48 50
13 70 41
67 37 21
45 39 19
67 73 5
20 48 30
32 31 67
53 2 18
94 73 65
73 64 67
47 89 65
16 24 82
96 15 64
13 98 76
38 89 53
15 87 32
75 91 1
70 19 13
34 63 34
87 42 19
69 48 44
50 31 56
93 18 17
33 92 34
48 63 94
4 16 58
35 42 43
66 10 39
42 63 97
93 52 20
73 21 49
76 83 54
19 66 98
31 13 87
19 88 52
36 42 99
45 26 60
46 2 51
76 60 92
6 75 98
55 43 23
1 26 63
100 35 1
51 97 16
95 44 92
73 32 57
8 40 98
45 46 86
47 49 39
3 100 57
23 22 29
84 97 35
13 22 80
13 57 40
55 91 38
69 37 40
43 10 78
91 43 1
17 9 34
74 52 82
18 75 50
9 91 91
46 39 38
38 70 68
63 64 73
51 93 59
25 21 13
23 37 88
40 60 38
25 8 56
12 28 55
77 88 7
27 52 73
3 84 62
82 80 37
35 24 79
76 41 62
68 96 37
82 57 44
62 47 80
92 85 6
38 49 28
85 5 6
93 49 58
56 74 12
74 70 15
79 50 83
58 50 64
5 69 24
40 38 55
34 96 9
75 10 79
79 18 80
92 39 42
3 85 55
74 24 3
5 61 40
45 23 26
76 40 37
60 38 93
7 17 24
31 92 94
7 25 78
40 22 6
66 56 92
59 46 12
82 99 3
34 83 47
99 90 21
25 3 15
44 21 4
8 2 31
56 6 8
44 53 15
30 91 100
14 5 7
27 65 23
1 14 39
82 51 65
24 72 36
96 60 51
82 10 31
30 93 72
61 72 53
31 47 43
14 13 11
38 63 46
39 26 56
92 86 8
5 7 16
99 6 43
11 17 53
91 100 88
63 70 4
49 78 62
52 77 32
63 21 42
27 47 32
45 77 4
57 100 41
85 73 25
63 16 82
53 93 74
27 80 67
85 35 67
32 51 98
90 37 67
33 97 5
42 26 4
9 99 60
81 21 15
73 6 13
8 46 4
34 33 78
92 95 42
97 72 11
19 53 35
100 94 84
55 30 17
21 50 6
96 26 18
69 34 71
61 2 51
29 95 32
78 37 29
3 87 64
21 72 23
15 91 90
34 70 32
14 60 47
23 29 54
52 26 22
9 79 13
90 43 67
54 96 54
55 70 99
42 4 28
53 8 99
71 98 2
91 77 17
17 62 34
72 22 32
75 5 84
29 66 68
30 4 8
43 1 59
94 42 58
85 6 29
36 25 21
39 54 8
75 42 14
15 34 29
7 65 42
80 88 21
97 23 92
72 98 49
33 4 81
61 49 22
73 44 21
43 12 44
70 42 13
41 22 84
71 19 20
92 94 85
39 31 2
55 98 20
79 36 48
24 67 32
100 80 76
73 97 96
49 60 25
17 64 24
56 55 92
41 78 74
37 29 61
68 24 60
67 43 88
94 28 10
78 35 93
19 98 6
82 5 24
94 71 64
35 29 77
51 34 65
43 75 24
92 62 50
32 62 59
48 3 2
35 19 85
54 83 66
55 3 35
18 7 39
91 59 66
34 21 53
85 81 16
56 78 7
48 38 42
7 54 2
19 100 54
55 16 29
51 24 79
73 29 80
13 96 69
42 77 78
2 85 88
77 18 73
60 45 81
22 93 61
90 33 91
52 94 96
31 27 96
90 80 90
90 23 80
95 16 82
47 1 78
96 64 98
81 62 89
27 53 74
47 34 22
8 77 9
7 61 78
18 95 40
75 89 78
100 9 78
78 72 93
95 70 4
76 31 19
59 54 93
14 79 47
4 80 47
74 75 98
94 31 68
27 28 81
21 42 30
83 60 18
49 42 19
9 52 3
88 66 24
42 40 1
64 81 95
23 96 18
45 63 37
62 52 89
50 3 83
72 29 51
25 100 19
47 44 83
93 10 18
39 14 73
46 66 51
45 69 43
84 96 25
92 97 79
69 95 99
18 80 70
100 59 79
80 71 58
97 16 95
25 74 42
14 6 41
78 100 86
24 13 42
6 37 39
68 36 19
12 73 30
40 92 26
76 46 30
20 32 74
66 82 57
77 71 66
11 42 81
92 10 55
88 48 58
40 24 56
97 38 53
79 69 40
50 96 84
16 8 82
38 93 33
54 9 67
11 19 43
63 99 6
50 17 3
14 98 24
10 42 9
82 46 84
33 48 57
85 8 28
10 57 42
12 7 43
48 9 84
86 41 63
31 87 15
81 89 73
92 83 15
24 14 13
5 43 57
69 87 35
82 36 80
7 78 21
48 16 80
69 78 39
37 74 20
67 22 2
31 30 58
46 50 50
65 63 76
8 42 86
31 7 7
37 98 9
70 46 90
34 92 78
69 64 15
60 84 21
7 42 49
18 33 28
70 75 91
27 78 4
99 28 30
29 9 94
37 57 94
6 3 28
1 3 23
34 41 48
76 72 6
88 8 17
71 51 5
57 12 30
31 77 16
64 48 51
46 20 37
4 22 89
44 42 14
12 62 30
84 38 70
24 19 15
57 49 33
14 86 22
49 34 28
79 48 79
91 13 47
79 43 88
47 46 2
86 2 27
72 41 15
71 93 87
23 89 62
86 10 85
98 5 22
3 13 32
39 70 69
97 66 13
99 20 15
27 89 81
78 54 3
78 90 78
76 30 73
11 14 20
25 83 24
7 50 70
56 40 97
65 58 30
59 64 17
75 68 80
21 70 58
53 18 6
25 84 97
41 56 94
47 26 66
47 55 5
52 35 49
17 76 14
19 12 19
96 90 69
76 59 72
11 83 86
37 65 39
29 80 2
36 34 42
59 79 94
68 94 92
20 18 15
74 26 68
13 64 4
80 51 88
92 98 90
21 3 5
78 75 71
10 77 82
87 64 10
93 73 100
60 72 46
9 22 47
60 70 98
18 11 75
11 90 56
8 58 59
45 59 40
48 94 63
22 36 68
9 32 94
40 62 43
82 18 5
54 57 86
16 83 35
61 66 99
1 49 81
19 79 70
100 66 9
19 90 2
5 89 73
4 91 75
18 2 68
3 60 10
28 80 68
19 89 66
43 89 13
57 66 28
4 94 69
17 37 57
3 24 100
90 32 63
49 28 30
12 90 37
45 54 88
35 56 58
54 72 84
51 36 67
22 76 100
86 78 75
6 65 93
46 96 25
61 69 18
24 21 72
79 57 35
81 52 67
3 79 51
63 98 5
2 10 8
5 3 98
35 89 46
4 52 34
38 11 67
9 35 29
24 99 64
65 8 12
79 51 48
33 28 2
100 98 74
13 69 6
9 85 51
72 26 29
96 16 56
96 70 34
91 8 26
20 68 69
14 21 41
75 60 6
63 80 89
21 68 15
24 52 85
61 21 94
74 40 84
2 69 20
48 58 41
86 88 24
96 65 72
23 68 78
56 52 58
53 56 23
59 80 65
60 73 49
90 59 11
16 18 33
2 70 34
32 98 30
62 97 89
87 22 18
91 76 87
8 92 94
21 28 40
18 92 35
24 23 76
90 1 64
12 78 10
100 52 57
3 37 79
62 90 81
88 61 30
95 53 51
49 83 77
61 99 34
98 23 60
28 95 37
40 9 47
69 82 58
49 16 35
1 64 86
65 10 86
45 73 14
16 60 45
84 77 66
14 70 29
10 97 94
57 68 15
21 56 63
100 89 7
91 62 92
36 31 92
8 34 21
6 23 9
28 4 77
72 85 93
49 37 24
27 42 97
23 72 33
39 8 22
95 39 8
75 41 29
85 68 30
28 88 53
11 37 59
88 43 91
82 54 1
33 41 22
13 97 28
32 56 98
73 33 14
91 47 25
77 56 23
44 62 65
76 11 25
51 50 3
12 17 3
77 95 53
1 45 26
77 35 64
51 10 77
61 65 70
13 4 63
96 56 51
64 80 42
95 68 71
8 93 36
62 64 21
20 50 77
40 48 41
19 8 82
18 88 49
44 2 29
90 57 17
99 69 74
64 41 54
70 30 31
40 11 17
37 46 66
53 21 55
38 59 3
81 82 90
36 57 54
27 12 2
53 94 8
21 66 32
54 48 55
99 55 15
71 20 83
78 18 20
53 30 30
34 82 51
43 93 56
23 86 9
1 60 30
70 29 72
22 96 62
1 70 30
43 39 51
53 92 97
85 14 77
96 33 47
88 69 6
30 64 55
81 8 36
51 62 74
99 70 17
78 33 99
8 11 64
12 49 7
21 99 20
38 6 54
88 67 65
49 98 24
24 87 38
45 7 18
18 98 24
26 78 23
15 24 74
96 89 44
7 56 5
72 43 60
96 76 28
16 92 16
91 18 5
12 77 4
10 95 48
76 7 44
84 32 86
37 83 93
93 16 37
85 41 64
26 7 20
20 82 62
15 27 21
73 76 18
17 77 58
21 2 12
94 58 27
81 32 32
10 35 71
47 22 9
31 93 56
18 36 18
19 40 58
62 24 87
51 89 30
34 26 41
14 67 73
11 70 86
68 11 81
56 68 70
82 84 87
15 30 48
33 13 55
33 42 39
94 26 6
81 97 89
68 81 30
93 36 47
14 37 70
96 17 16
10 37 69
90 91 90
90 21 8
63 83 96
27 13 9
90 42 80
31 17 1
16 5 14
39 27 35
12 38 31
70 100 55
60 56 89
74 6 44
78 50 32
71 66 23
100 62 36
52 33 79
58 68 83
60 6 98
74 17 7
82 26 62
63 71 25
4 96 78
44 88 8
16 94 40
15 36 67
33 6 88
32 4 7
81 11 24
14 41 83
75 9 20
41 32 11
42 9 57
86 33 94
18 3 34
27 35 82
95 71 36
27 29 69
46 98 9
14 89 85
5 9 36
40 2 67
50 70 6
63 17 73
43 82 14
17 79 27
7 71 81
13 79 70
67 97 73
61 22 31
56 8 98
25 6 5
73 35 29
59 88 23
72 33 17
2 97 12
19 74 55
22 91 65
70 3 33
61 24 70
41 29 84
38 41 4
3 46 99
85 28 63
44 94 89
8 51 32
8 52 11
57 55 43
30 60 35
46 54 6
10 78 17
100 49 87
43 53 5
54 80 16
34 3 69
48 98 15
66 18 69
78 23 91
48 13 55
55 100 29
5 87 48
32 100 72
58 42 47
70 68 70
93 27 57
100 48 44
77 61 62
44 34 99
78 99 49
11 9 34
75 35 51
6 51 87
98 26 53
27 56 78
26 54 22
54 20 64
61 79 83
46 34 44
27 33 96
4 10 72
76 95 71
13 65 1
54 100 1
71 70 97
71 88 94
62 66 90
100 27 93
53 24 36
99 56 68
32 39 80
91 98 5
55 95 14
98 11 49
71 54 71
16 38 7
24 56 18
14 36 9
43 58 57
33 64 97
78 1 98
16 12 15
1 67 68
18 94 53
27 30 48
56 9 28
32 5 85
17 60 48
18 1 29
34 39 50
48 17 87
67 12 97
2 79 85
65 68 17
16 57 53
33 25 13
80 30 77
2 5 26
51 63 60
66 41 50
50 100 21
95 49 22
91 48 32
15 20 68
16 40 14
94 51 17
90 60 73
9 83 49
49 64 72
48 31 85
31 67 57
29 93 33
90 51 78
75 56 66
90 93 81
79 20 95
41 3 23
44 40 64
50 56 25
57 78 75
92 57 8
81 65 21
68 43 61
78 91 82
52 38 72
90 20 30
60 42 81
79 29 24
92 72 25
85 30 32
71 24 90
98 69 83
82 22 91
5 24 24
74 48 88
78 67 58
41 28 57
59 17 54
71 65 37
2 13 36
28 19 31
30 51 51
99 89 28
56 89 5
47 81 83
96 88 58
13 26 50
6 36 23
18 81 59
6 90 81
49 54 14
24 90 31
95 23 32
20 16 27
54 74 18
97 19 98
9 44 46
15 64 9
9 81 95
37 81 94
92 55 99
55 96 34
91 74 91
72 27 96
70 67 59
99 8 96
34 40 97
5 55 9
31 33 40
30 11 18
34 10 47
73 31 12
61 86 50
61 13 50
91 11 37
16 79 57
5 77 34
59 94 12
64 22 16
27 20 71
52 89 98
47 67 97
30 5 52
80 62 93
37 32 38
77 21 86
40 37 17
30 20 45
61 32 16
14 91 17
64 75 52
94 32 59
83 66 7
46 81 7
73 40 92
28 24 21
34 9 4
69 39 27
29 96 86
69 72 34
81 20 95
72 39 27
41 40 40
83 21 60
82 63 100
68 41 62
15 41 7
79 30 35
43 38 83
42 78 71
35 79 1
93 54 43
41 19 63
16 43 2
1 41 93
70 35 54
49 35 35
30 9 55
86 40 35
43 61 27
87 41 45
85 49 70
66 17 12
43 9 39
69 20 53
18 67 13
18 25 30
35 22 82
37 35 72
24 43 3
17 91 22
71 25 15
61 44 61
43 62 24
49 6 34
37 89 43
35 36 79
66 4 76
75 53 29
30 54 73
76 19 94
84 57 7
5 26 10
78 93 88
43 87 1
98 96 24
20 63 100
13 1 15
72 64 83
36 37 11
39 75 83
33 63 9
12 8 37
47 59 24
36 70 52
84 92 86
88 4 84
51 87 60
96 30 63
29 24 35
62 9 65
34 68 70
85 93 66
97 88 94
3 68 42
21 49 79
59 75 11
45 98 5
93 3 58
7 98 48
74 59 41
29 1 4
62 41 26
24 77 44
22 53 74
39 50 83
29 33 64
32 88 21
57 94 75
52 86 86
28 90 89
60 13 73
53 28 77
2 81 75
6 80 13
17 20 59
63 91 99
10 14 37
91 44 7
55 53 19
43 92 28
28 35 13
41 59 48
58 62 32
17 81 49
37 60 71
48 47 89
84 54 98
55 86 75
99 33 35
75 87 69
87 65 21
18 69 9
76 42 95
85 31 87
12 75 2
67 100 49
47 60 35
34 54 26
84 91 58
19 42 5
16 25 21
41 95 23
85 62 52
63 95 74
40 39 30
59 82 33
10 72 90
5 39 11
67 72 60
90 16 57
8 9 56
65 22 45
71 41 78
19 54 39
83 77 78
83 98 52
51 18 80
2 42 23
96 1 22
20 19 58
57 20 66
14 32 34
95 59 71
43 51 50
10 50 39
92 66 67
45 62 47
34 27 19
60 33 3
26 75 60
92 78 16
61 11 41
100 84 13
48 30 30
93 42 38
20 29 34
8 50 58
63 6 82
92 88 84
62 7 51
10 20 54
51 28 58
100 71 11
16 37 75
11 72 86
72 95 52
35 40 9
3 89 32
42 66 74
43 49 40
34 18 17
75 55 11
3 56 16
55 33 47
51 19 71
34 50 25
43 20 50
72 80 13
87 16 71
24 30 74
55 48 17
76 50 13
22 57 71
76 62 97
39 9 25
77 6 78
29 89 92
83 33 15
36 74 35
42 18 58
86 70 25
1 85 67
6 59 61
64 54 93
28 58 72
11 47 3
55 46 95
54 40 39
97 77 43
87 90 99
45 92 32
52 17 62
84 50 100
35 62 89
4 56 78
27 77 41
62 94 32
22 84 55
88 13 59
42 97 68
23 39 19
28 36 79
53 38 67
38 17 54
61 4 90
16 56 49
73 74 93
54 21 97
52 21 95
96 97 58
55 10 86
15 14 87
56 98 59
6 24 68
84 28 34
87 28 74
74 31 33
19 58 20
46 58 8
94 36 53
71 30 22
50 40 2
21 1 72
11 46 53
5 74 11
19 2 52
92 70 65
70 94 95
32 75 25
34 20 50
85 59 27
99 15 7
53 41 82
17 28 33
13 10 38
48 65 94
37 61 25
55 93 54
60 78 84
34 97 55
29 50 26
83 58 9
33 94 87
44 86 85
19 75 49
28 93 78
92 51 67
98 61 97
40 94 78
78 79 72
94 76 80
60 82 99
85 20 71
15 89 22
4 71 76
70 52 91
78 96 93
23 17 29
41 91 18
97 56 70
98 65 87
32 99 38
32 42 23
11 3 84
54 37 89
77 86 85
73 88 31
30 61 87
66 7 79
54 77 79
94 5 5
59 44 46
68 66 53
76 3 71
19 43 83
1 15 68
41 12 71
43 35 35
57 24 96
52 14 100
96 14 89
36 32 36
30 69 89
85 94 5
30 10 89
66 70 62
74 13 74
68 13 41
92 71 48
65 94 76
76 69 21
9 84 20
23 87 43
1 56 85
17 1 33
45 11 32
24 69 50
99 64 31
84 59 63
44 32 100
84 56 41
88 65 89
8 89 32
92 29 42
77 79 64
98 50 17
78 34 50
99 3 80
93 58 14
66 77 49
63 39 33
99 10 46
31 100 26
20 49 91
94 46 36
1 65 29
72 58 92
44 7 41
70 17 46
4 6 4
14 40 73
12 55 8
53 85 54
10 96 73
54 22 87
4 49 35
34 59 41
26 44 23
5 19 53
6 94 37
15 82 78
10 89 7
45 38 90
47 77 48
99 91 19
49 29 52
1 25 50
40 43 10
74 51 98
56 19 42
43 76 46
67 86 29
75 97 92
26 61 44
67 28 65
32 59 10
20 56 84
97 8 68
61 56 33
84 68 21
8 68 61
88 29 68
81 19 51
61 18 69
44 93 82
5 70 71
60 46 34
90 55 16
13 72 32
15 60 69
52 72 13
32 11 32
1 83 76
24 37 64
78 2 76
78 13 93
54 43 75
33 5 41
23 76 85
61 92 65
79 91 92
3 53 93
5 36 40
69 91 17
56 92 72
5 49 20
79 62 40
21 64 16
77 93 93
78 81 75
90 3 16
1 20 65
25 99 73
5 17 38
39 55 90
97 91 48
87 2 83
13 80 100
66 84 33
100 51 44
51 70 13
44 76 26
10 3 73
28 91 96
6 87 32
98 60 31
67 90 86
83 13 34
30 1 84
59 77 80
100 82 20
97 6 96
26 22 11
57 89 21
94 20 76
43 83 92
76 20 54
77 46 79
80 48 43
86 27 25
46 100 88
46 29 84
4 7 71
80 95 38
70 93 55
1 74 42
95 93 96
71 29 55
85 16 81
69 16 19
88 15 98
67 52 1
21 38 52
61 48 69
64 44 62
4 12 12
23 74 27
21 59 91
31 68 31
69 80 71
66 59 54
56 46 6
87 17 39
29 47 83
74 99 59
14 64 43
42 54 73
81 100 80
64 68 54
39 29 85
15 53 69
60 28 89
48 99 47
44 92 81
45 15 82
38 69 79
100 37 20
8 70 44
40 36 37
52 88 35
25 30 83
4 29 2
31 60 29
82 4 1
55 6 77
99 1 97
99 80 8
73 51 1
23 52 39
11 21 95
12 34 16
78 25 20
82 48 85
25 72 66
5 6 52
19 17 31
16 52 74
81 15 24
69 97 60
92 60 47
36 3 93
36 55 76
3 15 75
22 60 28
63 97 55
9 31 69
72 88 58
20 92 2
65 57 2
2 14 37
57 63 62
88 51 30
6 42 22
47 78 23
46 5 4
39 93 93
96 12 65
59 37 6
3 96 22
99 100 78
26 65 18
7 47 86
38 56 83
7 9 88
15 6 77
8 54 71
46 99 11
52 58 26
77 81 4
18 39 49
54 60 2
41 77 98
75 46 62
61 41 96
27 32 74
67 79 28
97 54 30
81 75 35
68 15 4
32 23 10
62 29 57
11 71 62
35 91 82
53 5 53
61 42 93
38 83 79
45 19 11
32 1 17
26 18 5
60 68 22
84 49 34
67 26 39
47 35 38
35 92 62
39 47 11
2 9 7
87 94 87
99 16 98
6 84 95
86 68 64
90 58 43
20 35 47
22 97 85
19 47 30
88 14 39
16 11 89
78 19 84
70 62 16
67 15 12
34 65 24
12 46 41
62 39 37
69 89 44
79 7 52
54 4 99
31 62 14
17 90 56
14 8 2
99 59 5
2 98 34
55 63 77
43 44 100
21 19 63
20 38 61
57 98 24
63 40 55
47 45 54
71 55 89
36 96 20
23 30 99
85 23 41
2 47 46
2 48 70
62 4 6
33 2 92
95 74 32
25 5 41
8 100 96
68 92 74
42 56 56
58 89 42
93 4 47
50 91 99
29 51 73
7 70 94
75 40 33
27 18 94
17 51 15
28 9 14
81 44 72
58 71 85
29 40 32
98 86 89
38 90 35
56 67 74
10 19 82
42 72 28
23 1 98
85 26 43
31 64 58
96 2 62
44 55 28
16 13 4
41 82 52
95 67 40
68 38 57
72 93 99
24 83 2
1 51 17
87 27 49
58 38 51
76 1 94
8 36 64
74 55 97
72 7 100
79 87 40
82 90 4
49 53 7
41 31 70
51 15 29
37 58 55
23 9 41
42 59 34
34 81 98
42 39 35
11 50 63
61 94 84
59 27 67
33 81 99
50 97 2
18 19 20
24 10 59
26 41 83
45 89 29
63 23 74
54 87 16
92 58 16
15 63 68
28 68 27
96 93 76
14 68 79
11 77 12
73 10 25
62 63 73
81 56 32
28 71 75
97 24 69
66 47 74
57 83 89
91 61 88
54 15 68
72 71 65
48 87 90
5 81 34
81 38 47
92 3 77
54 53 98
15 74 83
85 69 28
44 17 49
4 57 54
16 64 87
80 56 84
86 89 96
54 99 27
42 52 54
31 97 10
17 6 17
93 20 35
21 10 85
13 32 49
40 57 45
55 21 11
26 21 40
75 16 89
61 74 47
1 100 95
95 24 19
34 100 5
60 50 67
15 100 88
45 97 70
35 12 41
72 46 49
63 3 49
41 99 21
83 82 57
67 11 69
64 85 91
65 69 29
69 44 41
85 33 51
78 73 89
12 72 81
10 18 5
20 45 50
43 8 19
14 27 13
70 37 94
78 70 86
63 56 80
1 8 62
57 30 49
16 53 40
63 88 90
10 63 41
87 34 6
33 89 84
94 72 84
33 3 85
71 60 99
70 64 32
58 98 31
8 13 97
70 91 66
34 7 38
1 77 23
2 99 18
63 22 40
64 10 42
58 17 63
73 18 84
6 9 15
69 66 74
57 17 15
56 86 53
74 84 91
57 6 68
28 44 54
43 95 89
61 55 80
22 42 97
92 49 97
90 45 4
18 6 82
95 31 70
24 25 32
95 12 36
27 50 35
90 56 99
87 4 15
41 25 48
36 21 57
10 90 14
41 42 17
78 55 56
47 37 40
44 63 93
36 33 95
33 91 1
48 19 74
14 63 51
39 64 17
29 90 79
44 14 97
82 35 63
60 97 16
28 78 13
88 2 71
25 23 60
34 24 28
23 49 13
26 12 74
23 69 76
79 96 48
49 18 26
49 73 13
7 64 10
55 97 77
36 38 32
4 20 22
55 83 4
17 68 39
64 3 21
53 88 51
49 56 10
35 26 12
94 93 60
2 34 30
31 49 12
82 14 27
62 3 31
11 75 59
12 52 93
88 89 91
100 16 51
98 90 35
29 56 57
98 22 93
80 36 39
42 80 23
26 6 17
17 14 18
6 79 64
61 14 68
86 18 81
3 65 81
25 68 52
28 34 62
85 12 50
92 5 28
43 73 97
34 95 47
57 52 97
31 53 61
95 45 16
26 19 60
30 87 45
41 63 80
93 35 40
1 53 2
57 76 97
71 73 7
73 22 26
88 83 11
18 68 56
71 27 42
14 80 61
95 56 22
20 5 97
43 34 67
49 91 62
96 72 89
82 70 10
21 89 54
14 81 79
80 44 6
92 46 61
46 10 29
91 71 95
7 57 74
42 88 33
35 33 84
41 43 88
31 35 64
62 86 40
66 43 5
28 77 90
14 47 64
90 79 67
91 10 25
40 88 42
85 18 14
58 29 78
68 53 79
13 95 77
11 6 100
34 48 67
85 7 64
15 57 99
13 59 72
22 48 68
59 24 86
34 23 18
3 74 100
15 25 34
87 80 24
78 44 99
52 68 97
91 89 9
92 1 8
31 26 8
54 94 6
7 99 23
51 55 7
85 76 37
15 84 23
16 39 22
36 13 59
61 10 94
29 38 59
74 90 66
67 16 27
91 73 97
56 25 42
38 54 69
55 14 96
69 46 100
73 61 53
74 94 47
55 68 66
13 94 95
45 50 32
17 18 23
82 79 48
88 5 57
28 79 62
84 8 74
47 40 81
27 17 66
96 86 89
88 34 6
54 32 6
84 89 33
87 29 69
39 78 54
15 16 60
87 52 18
74 11 87
6 40 56
18 32 16
98 12 20
26 57 68
4 83 80
73 53 83
41 69 14
94 97 59
16 51 62
69 81 14
60 62 33
22 85 28
91 81 30
31 19 11
28 83 83
45 86 97
28 65 92
90 50 34
48 25 30
82 75 50
31 99 77
91 36 65
34 86 69
9 26 75
6 54 14
23 67 19
39 56 90
81 27 49
1 89 96
56 57 98
69 100 21
52 85 71
38 27 69
100 87 57
45 5 100
15 98 29
34 1 65
28 47 73
67 92 91
57 91 42
94 7 93
54 63 46
75 27 73
35 14 68
92 32 11
26 55 70
76 49 28
33 37 65
54 75 68
61 8 97
53 71 54
22 89 24
47 54 1
42 98 65
3 40 19
28 56 67
22 5 99
54 18 96
9 41 38
23 18 38
60 21 31
97 28 76
17 29 30
74 64 84
54 76 77
24 76 13
14 78 46
42 68 23
9 10 47
44 20 96
83 52 17
21 15 1
60 55 83
30 3 88
61 80 13
18 65 39
80 98 98
20 66 98
26 48 6
84 80 36
14 66 85
6 27 79
78 65 95
44 75 68
98 41 26
36 39 74
29 97 27
33 46 74
6 48 69
97 37 17
17 8 51
44 12 83
90 54 80
81 60 18
77 89 20
39 49 100
20 6 31
65 53 54
57 34 60
94 63 64
12 9 40
86 31 57
13 20 14
64 34 52
92 36 61
11 15 33
16 35 73
35 96 81
32 97 14
63 25 86
6 89 74
58 77 80
37 2 87
13 67 44
91 56 96
94 3 55
12 97 23
37 92 25
13 19 29
100 73 33
87 61 88
67 30 86
74 60 17
15 2 76
52 80 38
12 20 73
37 4 39
2 3 48
53 36 59
25 79 55
10 36 76
54 41 55
16 86 1
40 53 5
72 82 20
3 4 53
88 98 49
45 64 61
61 29 69
53 6 76
95 58 45
93 59 57
62 15 2
95 84 67
50 41 90
71 87 54
50 65 52
57 41 73
57 70 90
86 24 28
23 8 7
83 2 100
27 73 42
9 67 48
68 45 65
63 92 88
4 31 33
50 2 90
53 17 59
39 76 84
57 25 27
83 65 87
39 68 16
40 15 69
42 51 1
40 84 26
26 90 51
57 19 32
100 5 83
64 28 98
1 42 89
11 22 32
59 63 37
88 91 11
33 7 70
24 48 51
42 24 74
10 79 72
32 17 58
29 48 63
28 39 13
38 33 71
5 31 14
62 27 3
66 87 44
7 39 85
27 22 10
13 47 75
9 24 18
17 75 12
88 30 71
9 89 7
95 32 19
47 84 37
4 55 15
66 32 69
13 34 41
80 70 41
51 13 51
79 60 55
13 38 81
39 97 52
68 74 58
51 22 93
37 44 71
71 85 27
98 82 66
13 63 34
80 97 4
37 30 43
28 45 11
59 72 74
97 61 43
46 89 33
91 46 89
43 100 25
57 29 14
47 36 65
19 94 40
72 68 97
92 91 38
48 51 9
75 76 15
7 87 63
44 36 12
86 93 44
98 43 25
94 1 90
70 4 1
12 24 80
24 22 83
7 6 17
47 100 18
82 6 22
12 58 16
63 96 69
52 79 15
26 100 67
87 38 83
75 94 9
7 84 63
28 13 84
13 85 77
9 58 80
92 75 86
72 89 48
86 50 95
88 26 98
83 70 86
8 72 63
54 44 74
95 25 45
71 96 63
99 83 63
59 9 55
100 85 82
94 56 68
64 50 72
67 34 4
83 64 1
76 79 93
36 20 15
94 41 97
64 67 50
19 4 50
71 50 27
45 43 6
44 82 33
48 89 51
57 87 51
90 92 52
21 91 36
47 4 65
30 36 15
38 88 42
33 12 66
37 84 97
61 82 70
63 79 18
41 97 33
6 8 1
42 65 92
35 68 1
10 7 7
7 48 17
32 72 19
80 37 15
24 50 47
57 99 7
78 89 23
33 67 91
33 61 31
48 86 9
29 83 7
78 98 15
57 18 9
20 9 14
45 22 59
17 46 37
29 42 68
62 55 49
23 2 27
84 98 62
66 27 64
28 29 49
35 72 89
63 31 23
17 97 18
2 1 23
28 63 72
44 3 4
22 38 56
