100 4950
83 1 12
68 2 50
81 3 64
39 4 7
58 5 61
88 6 74
92 7 2
60 8 53
13 9 61
29 10 84
83 11 98
83 12 51
64 13 4
81 14 19
72 15 22
15 16 44
39 17 43
21 18 77
93 19 2
78 20 100
51 21 91
30 22 80
73 23 96
64 24 3
59 25 88
13 26 3
58 27 48
92 28 12
14 29 74
49 30 88
7 31 18
59 32 74
27 33 19
30 34 64
74 35 81
74 36 70
21 37 90
6 38 95
13 39 89
64 40 3
2 41 47
51 42 33
20 43 22
58 44 69
8 45 87
82 46 8
60 47 82
27 48 40
98 49 24
42 50 73
60 51 75
14 52 1
16 53 26
33 54 14
34 55 66
45 56 64
54 57 42
64 58 59
98 59 76
1 60 69
84 61 91
53 62 11
5 63 40
34 65 47
98 66 87
39 67 34
32 68 17
58 69 35
8 70 41
13 71 6
58 72 60
98 73 85
45 74 51
61 75 75
27 76 98
20 77 78
79 78 59
49 79 89
51 80 49
64 81 1
44 82 41
49 83 46
58 84 100
71 85 91
82 86 18
98 87 78
90 88 43
21 89 65
32 90 54
10 91 61
88 92 13
3 93 99
73 94 37
83 95 99
100 96 47
66 97 29
72 98 35
13 99 34
54 100 68
19 52 36
20 54 18
51 96 62
2 95 71
66 1 54
53 19 15
77 8 29
60 42 71
41 15 81
20 62 23
11 62 95
58 89 7
4 11 64
70 68 78
33 63 61
1 38 33
59 93 70
62 34 71
38 67 92
65 48 71
97 64 76
12 14 62
21 94 45
28 100 65
66 5 89
28 99 34
3 56 69
49 19 100
11 48 25
78 24 79
32 38 89
35 21 58
67 50 21
58 36 43
49 26 71
93 90 86
39 26 35
83 76 92
36 62 6
97 93 43
6 18 77
77 19 86
85 1 3
59 52 47
52 65 91
49 89 62
72 60 49
9 53 40
47 80 97
73 56 52
50 89 26
66 59 30
48 32 83
46 61 80
23 20 42
73 69 10
80 17 89
67 71 47
39 60 37
97 77 8
61 17 95
57 70 13
3 18 89
99 86 83
51 70 78
70 91 79
36 96 66
27 23 25
7 88 23
37 10 46
33 22 90
79 55 53
13 50 19
49 45 8
26 72 88
40 56 95
1 87 15
58 79 18
86 95 46
73 48 1
74 65 92
58 12 61
23 61 3
16 70 24
80 9 25
95 44 37
57 96 80
5 68 12
5 2 69
2 57 75
96 10 50
29 91 73
8 93 79
5 25 37
86 78 4
51 98 79
45 35 35
45 2 19
1 32 99
76 39 9
100 92 26
84 97 40
88 54 45
86 5 54
31 46 60
35 90 95
93 48 80
10 9 3
25 96 28
11 14 86
13 73 18
25 32 88
3 96 7
17 42 47
53 68 17
100 89 63
26 90 45
46 62 13
50 83 41
65 12 45
77 3 35
34 27 29
63 7 50
79 56 11
77 16 48
2 89 43
24 89 75
18 1 55
38 26 3
68 29 92
35 50 73
73 58 38
85 76 59
59 68 33
60 88 78
5 100 8
41 40 21
53 17 11
69 77 74
60 28 86
38 82 41
81 83 47
26 77 15
89 78 92
73 79 25
8 75 29
66 51 78
4 8 95
7 21 47
22 88 77
23 53 16
68 77 19
80 56 65
38 65 21
39 3 82
17 93 10
48 69 70
24 6 72
22 27 53
20 12 36
15 76 63
39 82 7
69 40 3
85 7 84
67 58 15
10 95 36
87 9 34
8 13 20
52 40 100
1 29 41
67 99 37
50 31 17
86 74 48
23 64 51
82 12 37
62 72 19
44 5 94
8 91 82
16 92 23
11 1 89
97 68 75
47 73 94
4 59 45
34 73 45
83 13 99
41 93 81
90 52 42
74 18 50
30 1 73
29 64 70
94 75 78
48 30 12
71 44 2
15 75 21
41 66 18
83 37 18
58 7 28
91 89 3
45 89 1
7 84 39
78 1 34
35 31 45
16 5 92
3 22 86
12 31 44
97 9 58
35 13 39
46 85 66
75 90 89
92 75 1
73 32 39
51 36 88
15 45 6
31 99 69
23 2 17
55 99 92
98 10 60
5 81 10
20 95 29
21 50 2
72 55 86
91 69 99
92 61 8
89 23 10
44 73 81
35 29 10
37 47 18
11 21 22
39 11 82
28 59 41
22 5 82
6 19 76
80 10 90
34 45 87
14 48 51
75 1 84
34 35 96
90 27 13
26 12 32
96 70 94
69 12 81
57 42 99
96 56 18
55 80 53
94 64 14
95 12 81
5 53 92
69 17 34
29 75 88
16 50 18
33 94 24
38 10 77
71 48 86
52 77 92
58 24 77
34 95 27
75 35 2
68 35 12
80 3 41
60 37 74
31 5 54
94 30 62
69 44 90
30 66 13
15 8 47
44 93 20
75 43 74
28 15 78
84 25 62
15 61 37
54 99 3
77 18 91
22 64 29
67 15 28
86 4 75
32 11 11
36 60 84
73 68 18
4 38 11
30 95 16
15 56 29
44 27 40
63 83 34
81 48 26
57 34 28
78 32 29
23 36 12
44 87 54
57 19 73
98 79 34
49 21 67
35 78 33
18 54 73
50 52 43
78 99 85
92 84 45
20 65 19
82 15 35
69 14 11
66 19 79
61 19 26
53 91 83
79 69 2
2 74 30
78 47 94
82 89 76
40 6 10
82 70 49
1 2 4
11 31 4
62 79 21
83 23 46
85 72 97
85 41 40
34 42 89
57 73 82
10 12 39
49 10 20
20 87 23
48 8 37
70 71 90
38 20 1
57 28 22
59 30 30
53 74 29
81 49 72
41 28 5
47 27 11
7 3 88
77 100 22
7 17 60
69 88 99
56 91 51
46 55 75
48 83 32
73 78 19
54 92 5
7 69 39
76 1 35
75 14 11
9 85 50
18 31 86
29 89 80
65 70 31
86 67 48
91 7 78
21 16 62
63 28 96
81 71 13
78 66 24
53 32 45
8 66 2
29 69 8
42 11 46
13 52 94
39 8 44
10 7 50
19 35 40
54 94 54
14 67 62
46 34 86
30 43 78
7 20 75
77 75 91
5 8 6
6 75 72
33 66 61
13 76 30
53 1 46
2 66 33
59 10 34
6 92 45
74 63 94
13 12 47
56 54 6
76 2 83
79 24 16
25 89 23
63 70 60
92 44 73
99 64 12
68 4 21
44 89 43
37 51 15
25 23 44
22 32 36
54 45 29
50 40 33
26 73 89
94 74 84
47 86 71
69 42 72
92 45 15
67 51 26
17 3 24
90 20 57
14 20 63
40 23 29
48 74 64
61 28 99
56 33 73
48 34 40
12 2 70
28 18 59
93 15 25
60 17 25
93 42 62
38 18 1
41 8 89
50 19 45
85 66 62
70 58 89
69 64 9
73 76 9
75 64 72
28 78 18
94 71 3
66 10 68
83 68 2
66 4 34
7 89 89
70 100 4
83 6 25
100 82 84
97 28 36
33 26 6
29 86 94
18 66 38
94 6 26
23 11 52
60 58 9
58 31 56
30 16 63
15 92 12
38 39 50
63 88 67
85 34 96
75 93 37
51 93 47
97 29 14
40 84 31
71 78 88
37 76 7
7 59 56
57 69 46
19 11 13
1 36 29
17 85 37
95 85 35
67 46 84
14 41 65
50 79 17
25 90 88
80 49 96
92 19 37
70 93 21
75 62 76
84 64 58
77 89 17
41 63 99
13 98 21
97 33 55
74 11 46
82 74 37
33 96 65
66 47 47
59 82 1
89 39 90
56 53 77
97 38 11
49 12 100
13 92 54
84 33 76
65 15 34
98 15 62
87 59 79
87 10 63
69 87 40
91 55 76
90 85 88
90 71 43
58 90 39
76 68 55
36 25 94
90 15 56
90 49 47
85 80 68
19 17 18
2 58 100
32 81 42
26 94 20
27 21 84
96 93 64
86 49 34
8 6 80
54 48 63
47 50 72
65 43 35
17 71 33
51 35 55
98 39 19
59 8 73
89 5 13
100 76 76
86 55 2
50 23 100
49 59 10
16 55 41
70 75 40
37 82 12
30 68 30
52 68 8
33 85 5
44 56 42
68 85 35
94 36 71
62 41 62
32 67 73
68 57 43
44 83 1
2 67 49
29 8 19
60 85 71
100 73 92
41 55 12
89 84 22
93 64 13
26 96 48
44 74 84
42 94 40
51 8 35
83 25 67
14 46 97
6 96 88
65 1 97
6 84 83
50 43 81
65 39 50
21 46 33
60 41 81
98 11 4
47 12 32
80 39 48
13 5 33
87 8 71
15 20 10
54 52 18
99 35 43
77 22 11
94 55 40
31 34 89
18 81 97
46 50 17
24 25 98
18 45 75
55 68 61
87 82 46
65 58 65
23 43 61
13 37 34
14 37 76
8 16 93
26 99 77
89 75 94
34 8 32
58 1 77
38 85 95
99 75 38
7 1 67
30 17 100
56 89 89
68 89 100
37 96 57
47 72 69
82 73 91
51 18 93
66 64 15
27 42 91
40 58 13
69 30 44
57 51 96
38 13 60
81 25 11
34 32 5
44 25 85
2 34 50
21 83 95
94 61 87
59 22 100
92 17 95
49 40 90
28 73 16
55 36 17
48 25 84
36 95 13
23 22 57
81 1 2
20 59 50
73 21 45
20 9 57
74 75 22
26 58 48
92 89 94
45 19 27
16 22 16
92 55 18
34 10 92
62 27 13
27 9 44
11 54 40
58 62 75
31 6 15
32 36 49
100 62 36
45 41 62
40 47 37
33 95 88
15 91 46
58 14 38
93 13 87
10 13 31
24 18 31
79 3 7
38 66 39
40 7 89
98 42 16
63 21 73
44 18 67
53 4 81
53 10 44
78 64 61
73 60 43
93 77 71
85 4 20
15 68 84
32 61 58
72 71 10
38 34 26
97 57 90
48 76 69
30 44 51
16 69 26
59 74 31
66 48 82
88 47 79
80 60 41
25 1 13
38 9 82
82 43 85
42 19 20
17 47 19
36 57 25
69 59 99
40 12 77
13 53 83
29 49 19
70 66 73
26 30 82
67 33 84
53 57 36
91 2 33
75 26 82
28 40 67
29 3 3
35 58 58
29 73 56
23 19 13
29 81 54
29 38 61
59 65 30
82 34 44
89 20 78
45 63 38
49 76 70
95 93 33
1 98 64
45 85 3
86 44 70
9 49 54
26 15 4
32 23 64
49 52 52
100 24 37
74 87 86
22 86 18
68 20 76
24 90 36
21 61 49
90 17 74
78 37 96
74 4 5
56 83 35
53 43 64
76 87 13
17 18 75
88 45 2
50 32 68
82 52 58
4 56 42
58 10 83
25 39 94
43 56 8
94 95 62
13 84 26
35 80 67
72 32 68
87 38 34
36 13 34
40 89 48
25 43 12
56 95 79
69 10 21
17 82 97
34 16 26
15 83 78
27 57 52
40 20 43
86 19 76
57 39 76
27 93 29
13 97 10
4 9 28
41 70 40
97 75 22
99 42 76
81 58 66
6 16 18
88 57 54
73 46 9
98 31 55
79 93 21
82 56 65
40 54 64
2 22 83
98 100 1
30 60 76
51 89 16
57 43 19
15 21 82
91 45 5
45 62 70
32 80 40
87 6 17
93 38 7
8 17 90
73 62 48
18 100 89
72 64 39
51 27 61
65 32 15
43 54 99
59 48 4
76 23 86
40 16 23
50 56 23
51 50 93
38 61 43
63 64 42
5 90 2
40 25 54
37 71 58
8 37 65
22 66 98
77 4 37
27 96 88
72 79 48
11 89 43
63 37 70
55 10 42
85 36 27
14 8 95
49 57 66
58 68 91
17 41 99
55 84 94
18 90 71
37 30 69
60 21 84
11 68 81
32 71 48
85 94 6
8 99 89
72 46 8
6 46 25
80 82 2
5 40 5
43 44 74
53 39 90
47 29 53
17 52 10
20 44 99
32 100 51
55 7 57
45 61 33
58 46 14
56 74 38
62 54 83
77 83 78
43 67 66
52 53 86
39 23 30
5 71 90
10 62 30
39 62 48
89 35 23
37 90 3
28 8 81
36 46 10
6 57 59
7 5 11
87 51 42
85 51 68
85 37 89
36 83 68
62 98 14
63 38 63
27 17 77
51 78 15
7 8 64
52 86 67
90 19 53
55 8 9
53 21 70
1 91 76
29 26 75
6 72 80
71 11 72
12 81 53
36 35 68
89 95 22
70 3 48
76 92 13
93 25 62
48 24 71
76 33 49
75 54 89
25 92 3
59 21 4
46 33 54
28 43 85
3 71 9
65 28 38
94 89 38
38 59 95
67 9 35
11 33 41
46 18 30
38 50 93
80 79 26
14 6 69
47 16 100
5 18 81
37 95 17
77 6 74
90 6 26
9 77 47
17 40 21
61 52 20
36 64 25
19 10 3
30 70 46
91 36 20
6 85 32
59 40 53
10 35 89
21 44 49
45 48 43
82 51 72
7 16 90
89 43 85
4 98 97
34 7 76
14 17 100
31 82 99
74 90 77
43 84 27
6 41 15
2 51 43
97 20 77
6 60 58
14 50 76
63 47 27
9 74 14
21 87 100
94 99 18
40 39 38
24 40 57
72 86 89
4 52 32
23 49 62
44 32 45
72 13 51
69 11 42
69 34 40
91 54 52
41 58 87
70 59 21
38 56 90
69 37 17
81 55 40
30 91 96
4 5 58
93 91 92
26 34 58
48 4 93
97 44 14
12 16 42
47 90 94
59 67 53
37 57 31
99 32 60
12 27 75
51 62 4
44 4 79
24 61 69
28 29 58
27 79 19
74 30 47
26 62 63
16 39 43
78 23 21
42 31 84
16 43 47
87 18 45
39 99 7
35 26 55
80 73 49
100 67 90
48 16 96
49 46 80
81 22 82
82 76 99
32 30 100
4 35 14
17 55 72
29 72 89
87 84 86
18 8 36
16 80 14
27 68 20
50 53 88
2 70 43
52 58 3
6 11 56
80 19 88
44 94 83
60 44 14
27 15 4
54 36 63
53 88 68
70 92 46
74 17 91
13 88 11
38 64 62
45 95 96
86 43 20
13 30 62
61 93 32
31 38 18
58 13 12
62 19 34
99 50 26
51 63 52
51 20 80
43 73 28
83 66 65
31 43 66
91 63 26
54 12 61
79 28 21
73 1 72
69 2 8
11 66 97
5 37 27
69 26 85
17 86 99
42 56 50
28 88 100
90 97 20
80 18 34
20 92 72
42 76 86
48 13 1
98 32 2
99 87 50
92 79 44
29 84 94
49 53 24
24 95 64
7 98 82
26 42 16
4 15 58
83 10 92
76 64 59
19 87 37
76 36 79
67 70 57
70 80 11
54 78 79
51 30 82
68 84 39
70 79 82
14 70 69
100 20 70
42 30 58
15 50 96
63 13 29
16 14 63
22 70 76
24 11 7
40 21 67
43 41 66
47 43 52
14 10 86
7 74 44
75 98 94
7 51 79
42 21 72
25 56 96
65 2 23
94 13 47
77 64 77
47 89 97
11 65 50
18 35 21
17 2 12
7 14 53
26 91 12
95 92 7
46 41 20
34 81 80
48 95 76
79 2 13
19 72 61
29 11 100
97 62 71
72 4 74
63 53 24
88 67 56
55 87 48
23 97 44
19 9 1
72 43 41
68 21 17
37 97 32
32 26 66
76 17 17
54 61 74
92 41 96
68 22 37
76 51 69
85 5 79
85 100 60
7 64 94
88 79 28
78 41 86
50 73 29
2 56 99
4 16 38
27 80 51
76 12 21
13 85 87
61 80 16
11 40 10
29 21 24
47 18 14
91 92 8
61 81 9
22 25 37
100 79 34
31 97 3
71 6 74
65 89 52
42 84 29
77 35 100
82 96 34
9 76 51
11 37 13
17 94 80
51 79 36
93 66 55
34 1 78
50 29 34
100 57 69
97 50 8
14 100 76
14 84 42
55 45 6
17 12 99
70 34 54
65 91 76
5 48 84
91 28 63
51 28 1
79 20 3
79 32 47
74 68 23
79 90 47
18 69 99
24 38 88
17 83 22
68 63 8
12 53 72
69 56 48
75 30 9
90 1 54
46 57 28
22 62 52
81 57 64
90 4 57
33 65 58
66 54 13
30 79 81
1 19 8
99 100 1
26 95 67
48 58 13
42 1 90
3 73 38
36 2 79
77 94 20
39 95 28
16 38 28
33 78 56
42 75 21
82 66 24
14 74 2
22 85 14
34 92 36
90 91 20
84 72 66
39 50 20
26 17 93
58 18 45
25 34 94
25 42 83
82 69 31
42 80 45
71 16 13
32 55 67
39 56 60
25 63 58
45 7 88
39 79 10
21 38 21
17 56 69
96 4 25
18 23 29
52 18 65
4 1 31
60 68 81
61 9 8
49 100 17
73 16 41
27 32 57
4 64 38
8 64 47
21 54 95
41 47 15
67 83 85
39 64 56
37 75 96
58 49 95
20 55 2
41 48 33
52 60 67
1 27 60
81 21 28
81 79 31
53 73 19
33 12 40
95 31 8
55 29 37
90 7 70
74 16 99
93 54 58
35 93 10
67 75 32
91 43 62
75 40 38
32 7 75
6 26 56
10 75 7
61 3 63
52 38 92
73 38 55
19 95 3
15 100 79
24 17 64
24 80 80
65 92 96
54 55 79
27 55 66
65 4 37
61 51 15
31 63 39
78 61 15
57 45 46
84 36 55
45 21 83
92 99 87
14 97 17
54 97 61
62 16 6
89 32 68
7 79 75
6 82 66
1 50 63
31 80 74
50 4 78
57 92 67
85 15 97
95 73 31
21 13 35
5 55 56
48 23 45
52 92 50
96 72 92
77 15 59
24 9 32
4 30 55
60 61 63
79 65 20
18 62 84
27 49 92
46 3 52
3 8 25
2 90 90
94 41 18
68 96 36
52 63 88
39 91 78
66 56 82
60 63 22
5 38 8
46 16 92
48 75 55
7 56 80
86 8 95
2 77 59
19 30 34
77 65 82
11 9 57
44 53 28
83 71 93
66 71 68
98 21 61
63 55 59
31 3 57
79 87 81
7 13 41
48 61 51
50 22 18
77 47 53
31 40 90
70 83 52
87 29 74
47 44 26
56 65 15
89 76 52
14 99 45
76 97 42
24 7 75
58 23 3
35 87 12
88 80 17
15 14 28
83 79 100
89 63 51
86 3 100
75 46 75
97 100 41
69 15 96
92 86 33
12 56 20
59 47 41
49 55 20
60 23 61
61 16 33
78 21 89
52 32 98
91 32 3
4 31 36
45 37 35
70 26 9
44 3 76
81 90 24
25 52 96
3 95 21
2 86 45
20 71 92
54 4 47
5 82 82
92 11 65
26 81 49
9 62 68
67 16 64
82 75 13
79 23 86
57 12 11
93 80 69
19 83 30
13 47 53
16 64 22
67 87 15
68 14 38
65 13 28
48 79 100
31 56 40
99 5 54
29 9 15
35 96 86
63 4 84
57 18 2
1 100 50
37 62 45
91 68 71
22 6 100
94 19 77
38 17 55
40 45 55
39 74 66
58 56 11
24 72 36
90 100 25
57 58 31
74 60 42
93 26 63
80 72 96
26 19 54
87 73 95
82 92 16
56 76 16
85 59 61
68 49 46
9 66 58
20 57 54
87 3 49
37 44 62
42 44 52
10 64 24
53 29 98
23 24 95
53 45 23
36 8 3
89 83 87
14 56 76
46 15 35
36 77 88
34 90 89
84 69 56
10 56 70
30 33 63
35 53 89
69 86 37
88 44 21
87 28 41
88 91 13
35 70 23
88 85 49
33 17 60
26 10 12
77 53 44
12 72 100
25 100 99
96 64 80
68 100 41
16 1 98
43 99 41
54 65 54
72 70 32
75 38 81
55 48 57
54 53 13
17 91 2
62 32 49
6 64 31
78 3 94
8 56 74
49 47 25
72 97 78
16 85 55
75 57 21
36 65 72
51 49 39
38 86 62
45 47 19
8 83 88
76 61 61
46 26 8
17 79 1
9 71 62
39 27 64
18 64 56
12 99 39
9 58 92
94 24 32
19 96 83
29 36 16
83 38 84
80 36 12
23 4 59
24 41 21
28 82 9
93 82 80
91 86 74
80 94 45
89 64 95
58 97 86
74 34 2
61 64 39
47 84 90
46 66 47
98 53 80
22 60 8
20 27 52
53 15 15
12 8 5
42 37 67
12 97 42
94 67 59
41 49 31
21 79 34
21 93 38
58 91 71
54 98 73
73 17 71
75 85 52
2 9 37
38 88 63
84 23 59
28 71 7
59 73 90
96 91 71
20 13 14
46 19 38
7 48 45
96 7 48
45 82 87
72 94 86
97 39 7
72 66 81
19 39 37
37 46 11
98 76 52
93 94 55
7 100 51
91 18 98
42 53 68
43 11 36
35 12 92
6 21 19
60 64 49
67 8 58
87 62 92
46 35 64
33 90 32
93 36 19
51 74 70
94 83 4
32 2 40
100 17 7
97 61 67
89 28 17
5 9 87
2 96 38
80 77 23
28 74 38
69 32 1
63 82 67
84 65 36
50 30 26
49 94 75
63 56 88
97 56 34
34 22 35
42 71 5
47 26 57
40 92 4
100 65 82
41 95 78
16 11 12
52 15 36
86 90 64
28 24 22
27 53 51
6 67 72
67 89 23
32 10 26
68 6 80
32 92 56
79 94 22
65 55 14
78 84 66
92 38 33
51 83 17
80 38 19
76 62 52
83 30 8
95 29 12
18 9 74
67 21 52
35 27 97
56 32 16
18 12 1
95 23 100
29 88 81
74 52 47
27 81 44
59 18 56
32 6 28
36 19 90
4 41 29
73 97 90
61 1 1
14 61 100
44 80 82
32 46 45
39 75 57
23 38 100
60 38 62
72 37 26
39 66 81
12 87 60
67 78 93
34 58 100
55 93 18
11 10 47
29 63 36
37 93 77
67 17 94
46 10 88
13 74 38
13 77 59
72 52 47
35 95 49
21 9 41
15 2 61
30 57 40
45 17 19
94 50 29
13 46 43
61 99 90
78 87 93
24 10 15
22 89 45
6 93 38
99 68 9
54 39 2
6 9 66
42 85 92
84 67 86
37 1 26
44 50 25
87 33 22
86 79 54
71 38 61
73 64 45
78 31 35
88 33 52
4 73 24
34 13 29
100 56 44
29 34 50
69 51 56
50 55 27
42 5 27
96 83 43
15 44 54
75 73 28
1 23 30
38 98 2
15 60 33
49 85 15
49 77 2
3 85 70
34 14 28
19 22 21
1 49 34
66 99 24
43 90 14
27 75 1
3 25 96
40 9 14
66 96 57
47 65 49
1 99 48
78 82 3
98 9 15
84 59 29
71 86 57
72 77 37
95 27 1
85 73 63
69 96 98
48 22 49
38 70 66
6 25 77
30 35 80
23 41 88
46 45 55
54 32 62
55 15 51
82 16 42
48 85 31
19 69 2
2 92 33
70 4 1
19 5 64
75 56 12
6 45 29
45 4 78
98 80 96
21 41 3
99 72 88
22 93 1
4 32 79
43 98 83
37 73 28
90 66 3
30 73 16
57 16 45
11 59 97
63 69 45
22 99 100
75 81 70
40 93 37
15 63 5
37 12 15
78 63 27
77 57 28
7 61 4
45 86 61
6 4 43
93 7 26
68 56 83
23 34 14
98 20 28
15 32 39
60 43 46
73 91 89
70 36 29
27 18 63
73 83 65
77 44 39
48 33 67
92 23 84
78 13 9
18 40 29
18 11 90
45 94 20
99 3 4
62 68 25
27 11 29
96 47 80
96 92 31
93 43 57
20 25 11
35 57 84
10 68 67
16 91 51
52 36 92
82 88 15
95 64 11
53 96 65
61 11 42
25 8 17
45 90 56
23 94 93
69 74 97
49 37 49
17 34 46
48 63 72
8 11 56
99 93 49
1 45 70
50 66 36
35 22 58
38 91 31
5 28 16
79 47 69
17 64 97
23 71 92
57 83 32
63 95 62
34 75 31
31 55 8
66 34 17
89 37 63
19 55 48
13 28 28
60 62 8
23 52 7
35 11 74
42 29 13
48 67 44
77 41 25
51 77 65
60 97 76
30 67 85
10 93 53
81 20 25
62 43 46
26 98 89
83 9 64
58 59 1
32 87 10
96 43 96
20 49 67
25 94 51
29 59 93
71 79 86
25 37 60
73 71 34
96 34 67
96 80 62
57 11 15
7 53 4
19 91 94
26 37 72
25 19 75
99 85 70
28 62 19
10 82 87
37 68 29
24 32 68
69 24 71
46 68 30
69 81 94
78 72 86
83 99 100
27 74 9
61 72 87
88 40 95
99 47 2
59 14 70
29 45 89
83 2 3
82 57 67
65 86 99
46 4 83
90 62 81
77 67 39
44 81 2
78 75 7
12 86 17
86 66 45
3 5 78
2 99 33
31 26 48
94 52 92
92 43 10
18 26 48
32 96 40
79 29 94
94 66 30
37 27 89
10 48 17
63 86 50
25 35 96
54 90 12
82 72 55
17 84 83
80 92 50
2 93 17
29 90 20
88 12 35
19 31 75
45 66 95
61 27 4
76 3 3
44 54 68
41 51 70
60 53 15
47 39 24
26 3 1
17 99 45
51 53 11
85 30 47
37 29 21
38 41 83
35 3 77
75 100 86
10 57 20
24 86 47
16 93 15
96 41 17
92 64 11
6 12 68
69 76 37
8 38 63
40 74 53
70 74 23
82 19 23
54 63 53
69 36 24
86 50 84
72 38 2
71 98 58
70 73 86
57 87 61
94 10 66
100 43 18
33 2 63
40 10 27
25 98 94
94 14 95
83 40 85
90 76 53
27 4 11
96 15 4
69 93 70
3 51 73
25 65 38
65 46 9
35 6 72
82 13 58
75 84 92
31 48 72
50 81 96
57 8 41
9 23 24
19 47 90
45 100 17
2 53 29
88 3 47
60 81 27
26 48 12
16 81 48
1 14 92
79 16 71
98 46 75
1 6 69
93 53 19
99 20 21
29 48 91
62 71 1
2 43 75
25 85 35
7 49 25
16 10 73
47 24 50
13 95 29
45 87 12
33 61 50
56 1 5
32 77 28
86 18 72
95 65 22
70 56 13
70 77 36
59 64 47
45 79 81
60 56 49
55 100 73
12 39 30
23 90 60
11 15 58
84 35 93
3 11 46
22 39 36
80 76 74
40 82 28
44 55 45
20 63 50
43 74 58
36 37 61
91 100 92
74 5 9
28 90 66
31 92 19
44 65 89
46 83 19
18 55 99
95 57 88
37 20 44
44 40 1
60 57 39
98 95 14
4 79 52
24 50 13
80 25 37
32 5 69
89 86 10
17 54 48
88 87 90
23 82 31
8 42 41
35 28 60
15 29 94
13 29 5
45 28 72
13 41 2
46 91 88
72 67 40
23 91 48
22 98 46
70 15 38
82 41 59
8 78 21
82 33 44
72 59 76
18 22 53
39 84 17
89 27 77
66 35 50
63 27 90
67 36 58
15 18 17
98 47 100
3 59 35
53 40 39
93 65 20
14 18 33
30 23 3
18 92 25
42 61 21
74 32 91
12 45 11
39 14 60
3 83 48
24 56 52
91 97 37
60 76 39
25 49 81
92 48 70
49 4 71
46 74 29
60 24 44
73 2 60
15 36 57
12 36 68
39 45 71
35 8 93
51 29 82
80 59 88
26 86 65
78 22 32
13 45 74
99 7 70
32 84 40
21 2 73
25 10 50
43 39 85
70 20 23
62 49 99
72 25 34
100 46 52
38 53 47
42 81 62
70 29 41
9 92 85
36 28 75
54 28 62
65 66 37
94 63 95
5 93 99
89 26 66
98 50 93
50 96 52
63 1 47
82 81 11
50 5 73
30 45 99
65 98 20
89 15 25
42 74 60
19 48 98
84 22 46
58 38 41
11 17 24
77 12 56
96 84 36
82 62 91
62 25 59
49 95 97
38 30 51
99 81 56
9 78 93
52 84 75
65 29 46
95 18 8
50 6 42
10 18 80
98 23 37
23 66 46
45 93 6
14 64 6
36 41 17
47 14 38
24 42 70
22 44 51
66 100 65
85 2 78
94 81 94
88 83 19
61 20 55
12 94 85
75 88 74
94 16 62
90 51 81
31 100 21
22 56 39
8 90 53
12 59 7
87 77 88
1 20 10
98 82 2
77 31 4
92 63 8
5 27 57
94 8 32
4 7 25
11 38 49
78 34 30
69 27 46
93 62 1
31 86 20
32 63 31
29 52 17
14 26 31
7 22 9
98 52 5
99 34 49
86 39 38
96 48 76
26 50 11
81 68 33
10 78 25
33 20 64
14 78 14
94 100 81
94 69 57
53 6 14
40 95 88
45 72 78
1 64 13
95 78 10
48 87 69
28 47 37
70 18 64
78 11 85
37 18 98
12 41 72
81 92 95
36 34 11
70 64 23
29 2 77
95 51 69
51 1 1
47 51 85
35 67 78
26 43 64
13 54 83
29 78 46
88 66 60
47 69 45
63 59 1
63 34 3
32 20 56
28 84 21
33 59 95
35 17 71
11 46 56
45 58 72
90 64 7
27 29 38
68 92 62
10 85 26
80 14 53
27 72 94
25 70 57
36 27 38
60 11 6
49 82 26
89 88 96
4 97 61
14 38 87
31 41 6
52 48 46
52 9 55
28 70 46
87 92 13
47 23 81
75 47 36
78 55 19
80 52 97
71 24 47
58 43 70
67 45 49
66 44 99
23 81 94
69 50 6
46 40 7
43 51 87
91 37 23
61 35 28
84 45 9
16 42 78
40 87 63
9 86 34
29 22 88
15 30 94
98 55 35
22 38 62
2 39 10
85 70 5
18 63 50
92 3 13
10 15 69
32 66 50
70 78 47
6 3 98
96 85 6
89 99 65
45 51 10
52 76 57
71 52 12
78 62 83
68 95 11
29 96 87
33 98 4
82 18 50
54 84 60
31 59 90
42 100 46
35 1 50
43 1 27
10 36 38
79 61 79
24 98 43
88 15 33
93 83 24
66 68 44
45 50 21
2 27 98
86 61 60
100 33 90
82 71 36
31 88 57
85 11 87
81 88 77
82 25 12
34 40 33
44 62 32
61 36 49
22 75 3
81 38 62
6 78 2
22 11 92
14 91 14
31 62 47
42 58 49
50 95 65
54 51 59
63 22 66
59 44 30
71 69 21
26 97 22
87 31 81
1 44 41
31 47 84
94 22 71
52 5 46
24 91 58
3 52 60
30 64 56
44 12 12
60 79 91
25 53 54
84 30 93
86 94 6
26 76 64
86 21 5
40 51 28
11 20 97
76 57 8
44 16 44
39 41 55
36 24 86
71 8 14
44 85 55
98 17 63
58 85 75
93 12 13
42 46 76
82 26 43
33 29 36
9 57 23
23 15 48
54 95 97
46 77 74
76 35 80
72 39 40
76 88 15
3 40 29
71 30 18
7 72 79
18 72 64
69 78 36
16 9 56
86 80 47
11 30 66
25 16 27
91 83 87
92 4 5
34 44 58
45 75 79
22 37 69
15 54 70
81 31 85
5 65 85
76 75 55
13 31 88
42 10 25
74 88 10
66 28 28
38 62 43
68 47 18
24 93 52
39 20 75
2 28 16
3 24 100
57 48 41
11 45 91
15 84 43
29 46 81
45 24 57
96 74 44
12 19 33
27 78 57
33 73 61
25 95 50
80 83 18
52 91 68
84 79 5
55 35 31
51 88 82
19 15 78
78 58 9
20 52 59
2 75 12
13 70 96
29 31 93
13 68 91
62 50 45
17 87 52
59 81 94
85 50 3
63 61 51
27 82 9
31 30 55
33 40 49
58 92 4
44 90 98
47 70 47
71 43 26
12 15 85
50 65 20
28 25 84
11 25 64
39 61 18
41 9 46
71 40 62
100 88 5
23 28 6
59 37 8
82 58 26
87 54 68
49 5 17
81 7 97
11 91 11
14 57 35
66 40 66
21 66 1
20 8 39
50 61 91
16 28 90
67 18 11
54 47 83
55 40 26
4 99 66
6 76 52
9 46 6
33 71 51
90 16 71
40 86 86
63 36 30
30 7 86
55 69 52
10 30 31
27 40 54
49 11 77
33 89 77
6 80 7
22 92 73
25 26 78
76 25 69
56 99 97
62 4 28
25 79 58
53 24 30
86 13 47
6 7 20
78 48 100
81 11 37
13 62 98
23 7 13
15 57 46
92 51 81
17 9 77
72 44 38
24 13 45
87 49 76
55 3 95
5 34 30
34 60 83
71 45 70
58 88 63
72 69 4
96 78 69
6 54 59
80 53 89
50 12 15
71 22 79
56 34 35
68 41 9
46 78 71
56 13 37
56 46 4
29 7 14
48 21 80
62 94 23
4 3 17
71 14 26
91 62 48
71 92 83
22 65 90
49 22 15
71 21 66
80 22 48
3 72 33
41 53 84
90 13 96
22 72 22
42 38 1
63 97 96
56 51 67
17 78 29
31 1 90
96 14 65
88 93 12
80 21 54
75 68 94
78 19 98
71 100 26
83 39 54
24 12 84
58 83 37
46 97 36
74 47 96
79 59 35
54 76 99
15 39 89
14 35 60
76 38 95
53 72 13
79 74 8
28 31 27
72 42 7
73 15 1
28 22 36
35 44 22
36 89 89
79 38 67
52 62 4
76 78 98
21 65 21
44 100 23
96 71 6
23 56 92
40 99 87
88 18 53
19 43 98
22 45 18
3 74 13
54 64 100
96 75 95
25 38 71
35 52 75
6 43 62
87 68 1
40 15 79
98 96 48
30 90 22
72 35 19
30 92 30
55 42 78
55 39 9
87 14 38
47 20 9
15 87 54
5 64 74
69 43 3
20 46 7
41 74 45
65 23 75
74 49 52
49 8 60
31 73 35
28 64 77
45 26 12
96 13 64
70 7 4
19 54 32
47 81 88
74 6 10
41 65 49
75 53 46
1 89 27
44 24 10
84 27 97
40 96 9
66 13 49
66 57 3
54 49 92
57 71 86
81 80 88
12 34 2
89 16 62
97 40 5
21 91 6
28 75 29
31 51 69
46 30 19
78 83 8
8 32 82
86 81 6
41 81 77
71 95 19
33 38 71
32 16 12
25 14 79
77 76 71
69 8 94
57 85 3
35 40 72
41 35 20
31 45 59
80 29 33
83 84 68
33 53 92
90 87 7
91 75 38
97 43 11
3 98 64
55 28 44
84 82 15
26 88 77
61 5 45
62 86 68
18 20 45
97 16 42
55 61 79
44 48 29
5 79 39
33 81 35
43 32 65
55 1 83
84 8 13
54 24 75
24 75 96
31 72 69
35 42 92
71 41 64
61 73 78
54 74 36
32 14 8
52 51 80
20 58 49
91 84 60
71 2 6
40 4 54
13 91 32
91 64 83
11 87 83
76 7 62
72 41 17
43 85 38
18 60 93
16 95 13
15 97 33
53 37 24
19 59 33
68 54 96
61 53 79
91 49 52
70 37 82
45 64 99
65 63 19
35 23 79
34 9 77
12 51 41
28 48 19
97 49 88
8 74 22
7 27 18
80 5 22
87 64 16
11 63 85
28 33 99
25 2 51
30 54 76
86 97 9
39 34 33
87 5 70
77 29 80
39 1 96
87 56 48
24 83 64
9 63 54
7 19 13
52 21 44
90 61 72
83 45 27
85 54 14
36 71 75
15 6 46
62 96 50
66 15 93
63 6 43
5 23 16
14 55 72
93 34 64
10 90 1
5 77 80
53 71 98
78 12 48
7 46 71
67 90 57
84 24 58
35 43 13
75 95 60
51 84 96
34 61 60
42 49 25
19 8 6
58 94 92
2 31 6
99 88 95
24 74 19
48 38 11
93 9 46
58 86 95
17 63 86
98 8 83
72 93 51
49 70 78
10 63 47
56 47 61
10 99 35
17 96 86
14 33 29
11 76 77
79 57 80
56 9 20
24 51 5
14 9 84
70 62 19
62 8 11
88 55 81
4 22 83
43 52 41
84 18 74
77 30 78
79 76 76
33 25 5
24 99 91
60 94 17
55 89 32
89 34 95
49 48 55
33 79 58
11 52 62
26 22 11
13 55 54
79 22 80
83 82 6
11 88 74
80 41 41
15 80 88
17 22 88
2 64 94
20 73 70
98 29 74
83 16 98
36 3 32
95 6 50
41 56 5
68 8 7
19 28 50
91 4 95
94 3 73
19 64 47
12 43 36
66 3 79
49 72 65
75 23 52
39 94 31
24 65 85
41 26 9
39 85 87
2 49 33
6 47 90
47 52 1
10 41 26
67 93 57
6 13 34
91 74 20
9 60 33
92 72 38
47 36 64
68 24 5
73 49 52
75 32 90
98 35 78
28 4 63
28 39 10
83 72 24
60 27 20
35 63 7
86 68 15
55 6 59
23 63 32
100 51 63
99 29 55
1 67 33
16 87 98
61 56 12
78 56 57
48 51 24
7 52 70
16 27 55
74 58 47
74 80 76
10 100 64
57 74 23
67 20 96
16 54 5
21 92 80
20 5 94
17 25 77
73 54 17
33 93 63
77 34 42
85 40 84
49 32 70
17 29 4
95 47 68
49 99 78
44 2 89
68 34 45
16 51 9
61 6 88
50 76 59
89 57 12
19 40 4
62 64 84
51 11 41
83 43 64
12 74 1
58 63 6
44 70 4
50 70 25
47 2 1
88 62 75
20 35 16
30 86 9
7 28 74
86 57 45
73 18 42
45 52 10
67 63 43
83 32 74
14 51 89
38 99 25
19 100 35
57 21 11
30 5 28
52 42 89
23 10 47
55 66 50
44 46 80
67 26 28
97 25 22
95 8 21
10 54 40
13 81 27
16 66 6
41 67 61
20 75 19
57 55 64
84 5 44
49 69 39
57 61 73
56 94 43
61 58 18
79 46 11
75 51 96
80 28 62
61 41 95
56 62 67
61 65 14
40 91 15
91 27 61
62 3 9
60 26 48
44 75 53
33 3 57
35 16 2
55 47 28
86 33 69
66 53 4
38 55 7
26 4 17
85 93 94
80 1 25
93 92 89
21 20 93
52 87 12
59 61 35
69 83 70
58 3 15
99 18 45
3 69 3
12 64 39
35 37 40
56 29 87
55 23 40
95 43 26
62 67 68
5 62 29
79 85 42
96 28 99
21 84 16
23 80 100
16 84 56
36 86 76
51 44 64
10 88 27
73 52 43
40 48 41
41 3 3
5 91 64
89 62 18
62 23 48
67 31 100
67 5 26
93 78 25
53 18 13
91 57 62
30 27 14
31 49 91
31 57 100
80 8 84
4 47 39
45 81 54
60 59 74
1 84 21
96 31 86
35 32 12
88 20 70
59 26 26
52 64 11
24 39 40
78 15 83
42 66 11
85 98 62
65 64 45
77 71 8
36 92 54
42 91 98
28 27 1
4 61 82
56 16 56
8 40 28
71 10 93
57 26 4
27 65 62
86 100 20
29 94 38
36 40 67
87 61 99
9 28 26
63 39 88
79 64 65
97 36 32
4 100 71
98 44 1
91 72 66
22 74 6
79 68 82
44 8 99
79 35 48
58 71 67
97 70 70
30 25 71
35 83 17
57 17 22
32 9 15
42 3 45
50 57 77
9 64 23
44 61 28
42 39 77
69 1 35
96 97 71
9 55 77
49 65 70
55 62 4
84 70 82
76 94 9
84 4 43
78 25 44
71 97 92
77 86 73
65 26 37
9 3 44
75 71 67
65 17 72
46 43 48
12 5 2
51 6 81
5 35 96
88 46 2
100 22 20
62 35 19
81 30 87
38 19 47
90 98 11
33 8 68
77 81 90
68 51 79
57 4 81
45 20 8
19 56 33
44 11 60
84 38 94
14 65 73
97 35 16
19 21 94
30 93 57
43 61 12
77 73 98
83 100 59
43 49 60
34 47 3
61 62 67
57 13 53
7 25 54
89 73 100
80 30 35
10 65 87
50 59 72
3 47 32
25 9 4
65 75 60
94 5 28
65 3 57
2 55 35
12 55 36
1 93 64
80 65 45
32 21 24
8 85 29
88 32 58
46 80 53
86 54 96
5 78 75
34 21 46
18 89 35
63 44 24
37 34 29
33 64 63
15 33 6
42 79 45
41 64 49
28 14 47
49 24 16
35 49 22
34 100 16
91 66 27
67 85 18
11 7 29
69 67 20
72 33 87
78 50 96
75 13 87
18 97 70
95 87 11
42 4 93
28 42 13
46 89 7
20 83 61
99 82 92
89 3 24
15 81 79
45 76 74
93 86 69
24 63 5
52 95 65
43 64 90
47 64 66
45 42 66
37 15 24
3 100 47
42 97 49
68 43 8
36 6 35
83 98 78
47 92 44
52 24 14
93 84 55
81 65 12
98 94 58
89 12 5
52 44 80
14 72 60
74 64 28
54 35 20
99 11 63
99 37 75
4 34 57
37 88 57
98 67 86
57 41 35
60 91 18
99 91 56
36 4 34
28 58 52
8 79 15
98 36 14
43 8 58
24 1 18
82 22 27
58 6 38
68 69 98
41 22 82
76 72 19
26 84 86
39 92 21
26 24 44
5 41 95
70 90 11
29 39 22
21 85 58
7 94 92
78 100 91
26 55 14
83 5 5
74 10 77
13 67 31
78 74 11
46 63 61
39 77 45
81 76 72
78 91 32
79 43 31
58 47 46
60 82 70
76 53 72
81 28 61
9 26 17
39 100 8
13 43 67
6 44 11
58 4 87
73 25 83
61 85 72
36 16 95
47 7 81
13 15 99
98 6 27
92 73 21
91 98 34
34 67 67
12 61 66
25 54 36
93 20 80
55 22 21
56 37 49
89 13 72
11 26 15
74 38 36
94 18 18
60 31 86
50 63 36
91 33 31
36 43 17
93 57 43
20 64 74
34 98 86
20 66 5
39 35 96
56 64 76
17 16 20
72 30 43
38 35 94
34 11 95
89 19 51
86 16 38
99 76 68
76 16 26
38 46 33
87 100 50
53 55 27
87 86 90
81 97 52
37 100 19
95 21 34
44 19 1
32 58 70
52 31 4
7 42 4
48 17 18
17 49 39
24 81 85
9 54 18
94 87 84
9 95 32
2 72 36
40 100 31
24 14 27
79 1 47
47 85 30
40 98 31
14 79 75
36 22 52
66 29 60
97 21 53
8 63 86
74 66 25
60 40 89
78 77 64
61 10 87
73 10 8
81 9 34
34 84 10
66 49 52
55 59 58
13 61 100
65 60 75
98 81 97
66 52 99
12 21 88
76 8 9
41 97 95
2 16 2
16 49 76
75 9 19
56 5 86
4 94 39
40 38 18
6 48 34
53 36 44
35 81 87
14 4 88
40 70 36
8 100 52
71 4 63
89 97 45
71 99 96
81 62 6
26 71 66
9 99 2
63 87 60
2 81 87
55 52 33
78 98 50
57 3 23
54 37 72
60 87 81
23 45 63
100 95 20
77 90 89
46 48 44
48 82 83
73 84 59
43 80 79
87 43 93
60 19 100
23 46 3
27 64 4
98 92 84
63 49 28
34 6 11
48 56 35
43 63 71
69 4 65
85 92 15
50 20 61
7 71 50
85 27 51
36 87 36
89 54 16
76 84 30
3 28 40
70 23 70
74 23 83
95 96 57
46 12 65
71 61 10
47 21 89
41 19 99
80 100 95
81 39 20
9 22 73
53 67 86
16 45 55
20 69 33
12 100 61
52 79 44
71 64 45
31 20 39
83 87 19
73 90 29
42 6 8
66 79 82
54 71 76
42 20 16
37 39 82
50 84 34
62 14 65
69 100 43
32 41 49
62 47 49
87 39 53
69 38 42
39 46 43
2 54 38
53 22 100
39 6 15
84 57 14
53 59 46
14 36 86
32 18 13
34 72 43
22 91 66
23 6 69
24 97 55
1 97 81
37 84 67
17 5 21
52 93 92
3 34 25
90 46 19
80 97 25
18 41 54
100 59 36
47 11 71
96 86 88
46 5 65
51 4 48
57 90 51
92 74 25
65 71 44
93 60 24
32 42 5
68 82 14
48 36 12
91 35 31
85 18 5
80 2 25
70 19 54
100 41 74
37 65 7
98 89 82
23 85 47
12 60 41
15 64 80
33 60 70
90 68 91
47 42 1
42 78 43
1 62 73
14 5 16
80 69 34
99 79 30
75 36 42
58 15 11
69 89 30
83 64 16
11 13 77
51 86 98
57 65 36
77 40 25
7 60 38
77 25 30
20 3 97
25 27 46
100 72 39
53 46 94
92 60 77
88 17 31
22 61 57
17 62 82
98 68 46
61 88 43
55 90 38
43 76 19
42 15 51
70 11 42
50 93 100
84 81 82
87 34 26
46 64 78
80 7 31
69 61 68
44 33 4
60 14 94
26 85 61
2 59 94
87 53 9
82 36 64
96 9 73
41 75 21
71 19 3
88 19 40
44 79 26
40 78 69
5 60 57
47 22 1
78 49 2
9 90 51
11 64 35
86 85 97
100 23 99
45 59 97
33 9 46
69 85 58
94 68 89
91 77 4
96 55 91
25 50 60
23 12 49
24 16 44
9 68 64
76 41 86
32 33 6
79 19 48
25 57 85
69 52 82
31 61 3
100 16 99
23 54 28
2 38 48
43 22 75
92 56 27
94 34 69
67 49 11
16 52 15
40 1 24
35 86 11
29 19 73
82 79 92
93 56 64
5 70 28
29 85 18
52 96 5
14 13 74
3 2 67
82 67 40
71 93 29
26 80 12
54 82 7
18 16 88
84 49 50
55 25 29
54 50 23
91 34 64
3 68 79
99 59 74
88 98 70
7 9 10
90 82 71
67 92 16
82 30 25
14 92 9
15 17 77
14 2 39
22 14 37
92 1 95
36 38 99
65 83 25
89 59 34
57 59 6
7 68 6
7 35 28
69 99 66
59 95 74
29 71 36
89 53 29
59 92 6
69 31 40
66 75 83
5 88 99
80 91 61
31 24 65
95 62 90
96 63 52
42 73 61
34 24 49
90 40 70
39 10 94
21 100 85
62 85 49
3 63 92
59 46 44
69 70 60
83 86 24
59 62 26
12 1 49
30 65 16
98 69 61
32 28 25
75 50 79
79 97 78
85 83 86
92 66 7
59 90 16
22 87 18
73 72 48
53 31 77
36 88 75
22 12 30
96 77 26
52 28 73
19 3 33
25 61 96
2 63 33
84 71 28
7 15 73
23 77 90
88 1 100
42 13 91
2 52 81
81 4 70
15 25 9
92 8 10
45 97 72
62 6 49
87 2 78
21 14 100
12 29 92
86 7 41
49 6 11
57 72 2
14 83 38
95 28 7
26 40 91
34 86 70
65 85 34
43 88 8
66 81 18
88 84 13
100 84 90
99 19 96
56 81 37
77 95 32
88 34 99
36 44 57
29 61 70
41 50 5
17 51 14
81 72 8
77 74 86
96 59 27
80 13 81
73 41 57
40 62 69
30 63 75
61 18 89
79 18 51
5 51 58
12 92 95
78 45 82
97 8 58
8 61 48
5 57 70
29 62 49
5 6 88
97 27 26
96 24 51
47 48 32
38 28 84
21 64 94
32 37 48
43 15 2
32 64 47
90 48 5
60 49 11
12 28 64
45 27 70
84 10 3
84 98 34
36 81 40
58 96 44
94 92 25
97 17 88
1 22 42
21 43 70
99 16 2
10 31 21
39 69 43
50 71 55
98 64 22
57 78 39
89 14 44
33 74 93
74 37 35
98 70 36
17 81 82
13 25 85
79 95 65
36 73 50
72 11 30
47 91 48
33 10 54
36 20 60
66 80 21
71 55 37
26 54 31
32 57 70
37 79 78
24 62 83
77 24 63
75 52 94
12 79 11
55 51 55
31 37 98
53 81 88
28 26 38
94 40 78
28 20 95
71 51 43
67 66 26
48 91 44
7 78 78
98 28 56
67 81 71
22 52 82
58 16 33
58 95 66
36 56 52
44 26 35
80 40 69
37 38 88
31 36 47
1 26 50
8 24 58
100 58 1
75 18 29
97 5 71
72 89 51
93 58 78
41 90 15
66 27 47
5 72 73
98 77 13
66 6 84
39 36 3
85 24 85
36 5 21
45 33 61
61 68 35
36 42 57
80 45 40
77 48 90
69 53 26
20 82 95
10 8 9
93 49 5
83 62 15
44 39 27
14 95 65
20 60 70
41 11 94
86 70 99
21 33 43
30 3 34
43 81 61
3 48 1
95 67 79
8 82 82
70 12 82
16 19 8
7 82 51
60 50 82
97 3 20
8 81 54
23 93 79
28 30 14
22 8 50
2 40 90
6 89 86
40 65 29
57 64 20
60 4 13
79 26 47
17 66 74
71 87 17
74 72 56
55 24 79
91 95 19
51 64 17
98 30 25
77 92 75
8 53 64
96 73 12
98 97 6
52 85 8
44 29 30
9 35 72
97 48 43
96 89 97
92 26 81
95 22 32
11 97 83
11 28 11
51 23 75
47 10 24
97 95 82
9 48 3
90 60 25
12 73 75
69 75 11
48 72 95
5 45 86
27 83 59
27 86 6
87 65 83
33 1 37
13 59 43
11 95 25
96 8 25
41 91 87
15 62 34
32 12 3
43 70 75
46 70 60
34 97 82
46 47 36
96 5 94
49 96 72
78 60 43
60 29 21
86 23 8
40 14 23
21 62 31
60 67 50
83 41 84
25 88 32
50 77 34
55 97 64
90 3 93
38 89 67
12 48 97
8 54 88
37 28 62
3 43 33
14 44 48
85 28 11
14 98 39
95 61 66
29 40 5
25 12 67
88 50 32
65 97 11
75 83 60
91 67 98
1 5 27
53 84 20
82 53 20
81 89 65
70 24 1
13 18 41
12 30 75
94 65 66
8 73 8
100 36 73
88 95 1
35 24 28
11 50 33
75 58 18
88 78 21
81 74 93
94 51 57
99 96 52
58 33 33
74 20 25
65 8 83
87 70 86
84 9 12
83 4 5
84 19 94
14 90 5
81 87 13
28 1 19
41 44 65
80 87 62
81 91 97
45 36 42
81 10 16
26 78 95
70 60 79
87 75 99
4 87 22
41 1 60
67 96 9
99 84 54
68 23 63
81 93 100
53 78 98
30 20 37
50 49 78
71 12 31
16 31 6
7 73 95
84 80 54
31 65 81
80 75 78
91 71 38
94 35 39
75 55 25
45 70 85
16 60 49
60 75 100
43 14 37
3 27 1
21 76 60
40 43 65
72 9 57
76 29 11
76 67 92
42 54 71
26 83 83
70 61 55
28 50 65
35 69 78
32 97 7
17 23 21
95 60 98
13 1 62
49 92 59
72 28 94
3 10 63
53 28 68
22 10 80
23 21 44
27 13 53
9 47 82
6 30 49
72 63 71
29 82 79
57 63 7
73 63 50
2 37 82
78 18 30
22 96 59
40 37 6
41 88 90
17 10 32
2 97 30
10 28 49
78 81 60
4 88 99
12 68 36
31 71 71
5 95 34
84 94 42
13 23 84
7 75 27
46 95 61
90 80 41
73 5 98
1 57 2
81 95 16
51 58 56
12 85 73
26 7 54
36 21 31
15 86 87
85 32 97
99 15 29
34 71 10
4 29 98
65 42 15
6 37 52
44 68 48
22 67 24
67 68 53
29 58 36
48 20 95
33 24 33
100 30 49
73 11 44
93 31 62
6 20 44
73 19 58
22 57 24
39 68 41
23 29 13
97 92 31
85 63 44
41 20 28
87 7 67
100 64 32
81 19 1
41 30 9
93 28 53
45 9 83
40 67 22
93 46 56
21 55 65
52 81 18
18 68 46
94 2 62
50 64 11
1 59 4
47 71 69
39 5 38
65 19 56
16 88 47
27 43 40
52 34 34
55 64 79
66 95 47
37 87 22
53 30 35
88 39 29
41 79 84
93 18 4
13 22 99
82 94 93
68 71 29
81 96 97
95 17 53
45 10 12
34 41 41
21 28 36
75 31 64
28 49 26
92 78 97
50 68 11
76 10 4
6 17 89
49 71 37
65 73 22
2 84 62
39 90 9
13 49 9
15 48 58
8 52 37
54 14 45
41 98 73
90 36 58
62 7 99
6 28 15
22 69 57
80 50 82
73 88 54
49 39 3
17 44 17
54 96 98
9 73 50
32 31 25
62 77 94
74 83 12
25 68 43
59 86 50
22 97 100
63 66 46
88 27 98
24 43 8
60 99 9
66 69 2
39 73 72
21 17 70
46 28 9
100 81 88
85 78 61
57 40 21
33 49 46
38 43 73
12 42 24
60 96 51
97 53 77
65 6 84
2 42 43
65 45 5
92 29 93
99 74 59
53 65 94
9 15 16
4 95 44
52 26 52
72 17 8
37 64 91
31 91 26
76 44 89
74 93 56
35 85 87
69 23 46
60 46 95
100 26 40
17 75 5
42 9 82
9 30 45
48 39 63
27 71 19
55 67 21
3 84 1
22 90 33
22 51 2
14 88 28
53 34 70
24 20 53
42 90 8
48 1 70
81 51 85
28 56 62
71 63 48
89 17 57
8 46 76
67 44 67
13 33 76
33 42 91
47 5 71
9 100 5
15 1 48
4 10 75
46 92 94
74 100 96
76 4 69
86 20 92
67 65 27
75 16 56
58 87 85
68 16 34
65 9 14
7 36 86
15 3 89
97 74 59
15 94 55
80 20 33
87 50 20
51 33 87
51 13 40
77 10 57
18 49 30
30 88 35
93 47 91
18 19 48
56 30 84
33 99 67
31 70 75
28 86 97
20 94 14
66 31 6
59 16 34
2 100 25
52 78 6
47 97 81
68 1 33
19 75 34
67 73 62
88 94 43
91 61 53
60 2 38
79 63 10
98 16 71
9 79 80
89 9 24
57 7 39
26 68 82
1 21 78
33 41 35
53 14 96
88 68 79
77 17 83
2 8 67
5 59 99
21 88 7
57 52 80
88 64 68
41 69 83
70 81 100
7 50 22
76 20 8
71 59 10
80 62 10
42 22 54
86 37 68
50 91 17
80 89 8
26 20 69
8 31 8
92 33 46
49 44 70
80 33 36
54 34 94
55 43 42
83 97 56
99 44 53
3 12 9
44 28 91
1 86 79
5 54 95
65 16 86
74 15 45
41 25 70
46 69 24
60 89 100
19 67 72
10 5 24
7 39 77
48 94 93
5 33 74
7 37 77
2 88 80
12 90 29
35 33 22
40 30 79
3 13 64
74 50 3
30 78 74
68 31 40
14 23 1
60 54 59
27 98 89
56 27 20
91 12 78
94 38 93
3 54 82
22 46 98
71 39 7
85 81 11
37 98 16
21 39 65
87 47 30
87 96 45
79 13 58
66 36 63
36 50 34
41 87 72
31 74 62
49 15 57
8 89 95
86 53 56
30 87 31
31 85 21
20 84 66
67 64 27
68 45 92
84 77 91
92 83 63
72 90 49
56 77 3
66 25 28
61 37 91
33 6 56
4 75 2
39 18 96
60 35 57
67 24 21
89 30 27
11 90 58
32 19 6
98 57 86
74 55 11
89 31 36
50 27 79
49 88 31
98 86 37
14 86 77
77 14 56
25 21 62
68 33 48
74 1 89
11 2 46
77 7 73
96 30 96
80 12 18
24 29 27
82 50 50
51 59 53
26 5 26
33 19 34
17 13 59
68 64 89
78 59 91
53 99 67
86 41 98
94 9 86
66 77 18
47 61 28
4 18 40
18 56 99
42 82 100
76 31 39
23 44 48
55 37 29
46 84 21
83 22 90
49 64 44
50 92 46
44 45 10
70 27 62
99 90 56
9 59 31
10 43 10
50 9 99
52 37 22
20 72 21
47 100 73
54 31 21
88 86 55
1 70 87
96 11 50
98 18 46
3 1 78
65 18 69
1 94 74
90 53 50
2 30 23
21 24 82
82 14 26
58 50 28
77 21 37
47 38 5
30 61 89
89 52 72
98 60 80
46 25 7
94 90 2
35 48 18
58 99 24
28 76 98
24 57 89
74 26 84
37 50 52
32 94 85
85 20 10
16 96 21
11 56 3
18 36 85
38 96 64
78 68 37
74 19 32
78 38 22
40 73 64
45 96 41
32 47 34
99 27 82
25 45 40
36 72 60
42 88 73
5 75 82
12 84 78
30 29 50
51 65 81
28 17 94
41 84 47
97 78 71
6 99 15
27 24 8
72 1 6
30 24 85
85 84 92
1 77 60
72 10 24
87 93 82
83 52 21
2 46 56
4 17 71
56 84 96
3 32 21
47 15 74
98 19 30
4 13 44
60 69 49
5 43 41
77 33 65
16 33 25
42 63 1
89 66 26
35 59 32
27 6 85
8 88 54
63 12 13
5 98 20
26 56 17
21 10 28
35 56 57
16 41 85
54 69 55
66 60 7
7 65 91
94 46 72
48 88 13
71 88 88
97 69 33
19 63 94
99 62 11
52 56 37
63 75 67
80 11 24
79 77 43
97 19 99
3 45 48
22 54 18
30 58 92
84 74 9
86 25 55
9 1 96
48 60 19
71 18 36
86 73 10
92 69 26
67 56 64
32 60 83
10 51 35
7 66 89
14 66 99
19 27 96
7 38 47
3 91 76
4 12 8
38 68 96
62 63 21
100 35 67
52 30 15
78 80 9
87 46 85
62 74 71
82 91 68
52 70 70
63 77 43
17 32 23
59 27 4
40 63 45
31 64 72
96 18 32
47 67 38
30 21 87
20 17 25
5 15 14
8 58 57
14 19 90
18 2 77
30 14 53
53 3 52
94 37 33
88 70 2
31 27 71
43 77 45
84 95 84
66 58 16
84 90 55
74 71 7
46 76 98
59 54 64
48 70 67
44 96 89
55 60 66
30 39 20
32 40 15
26 87 73
92 62 45
49 38 57
2 20 17
93 73 26
4 37 58
96 61 69
34 51 34
23 42 76
83 34 55
18 25 29
92 42 11
88 56 65
16 63 63
90 95 30
76 40 5
26 36 49
41 29 42
36 79 65
58 53 7
68 48 95
85 77 7
87 24 29
4 20 31
24 22 65
83 61 20
45 77 41
37 80 47
63 98 83
2 4 58
31 83 33
53 92 83
79 53 59
21 4 17
75 49 80
28 68 73
90 69 55
27 8 28
31 9 90
54 83 67
9 12 19
66 84 38
2 13 23
68 17 99
18 50 49
24 19 97
38 45 30
36 59 87
7 12 10
76 91 87
54 27 52
87 91 80
54 70 21
89 87 74
49 34 52
72 50 17
3 50 11
6 2 36
99 25 57
52 67 39
59 34 34
67 27 61
77 99 10
33 39 76
54 58 41
80 64 15
33 36 82
78 44 22
38 54 98
62 57 15
22 20 12
5 92 48
29 93 97
90 31 72
72 87 24
45 73 37
33 62 69
66 12 83
30 76 54
82 1 30
93 4 14
16 20 10
97 51 99
49 36 23
37 41 76
3 64 5
96 88 59
17 58 18
69 62 55
74 73 8
14 3 45
12 67 68
96 21 25
1 96 42
65 72 95
61 26 15
73 24 3
82 61 61
27 26 98
59 42 70
51 73 97
42 68 60
86 84 43
100 61 88
14 63 44
59 94 54
33 69 28
3 37 92
88 65 67
37 16 4
82 85 62
43 33 68
75 79 24
94 78 6
48 89 24
45 43 76
3 16 14
100 93 58
90 65 42
53 20 97
59 23 45
89 71 44
7 44 86
80 95 42
63 84 55
31 84 17
79 15 9
6 70 22
8 47 36
80 34 36
88 97 60
96 65 82
99 36 8
52 12 11
4 55 13
33 4 67
63 81 49
88 24 33
2 35 23
99 21 58
18 30 62
89 93 29
87 66 98
83 7 2
86 75 66
9 51 58
66 43 98
40 81 77
31 21 3
1 46 61
19 4 5
38 100 9
25 67 13
94 28 41
79 67 5
50 33 79
74 29 69
20 91 50
83 29 30
79 6 9
17 31 97
94 27 59
68 40 18
88 59 87
87 42 48
76 59 86
37 92 2
91 9 52
32 51 27
96 42 31
93 39 2
15 24 37
7 95 60
43 7 13
26 53 76
95 32 17
6 59 41
32 39 88
67 23 59
69 9 4
77 58 48
37 23 61
9 44 71
72 88 98
33 31 90
91 25 93
70 39 88
59 15 48
75 25 42
90 92 76
82 24 12
82 47 52
95 53 47
10 89 57
76 66 98
24 76 63
8 9 77
68 19 99
47 53 19
95 38 98
51 15 64
55 95 32
1 47 86
85 74 90
99 97 62
88 23 64
30 36 28
38 51 61
60 83 36
10 60 28
76 86 32
59 24 51
74 89 64
76 95 9
59 83 20
31 23 31
57 44 45
99 70 77
22 15 62
50 90 10
27 77 33
31 94 56
94 91 35
1 95 51
99 63 12
28 34 74
54 1 55
83 55 96
37 17 9
20 96 87
82 2 38
69 28 19
53 11 92
66 37 98
62 84 14
52 100 33
26 63 26
6 52 88
26 66 34
79 89 47
27 52 42
69 65 17
82 3 53
49 61 9
95 69 81
85 64 47
73 35 66
29 5 40
21 90 21
67 74 52
60 3 80
85 87 89
100 63 34
94 97 20
52 99 5
59 39 3
17 46 39
72 23 58
24 2 57
11 100 26
86 11 40
11 77 4
75 72 64
44 64 65
29 32 18
13 69 57
61 2 5
99 51 57
98 93 10
48 98 85
22 31 30
19 20 19
33 55 72
15 31 2
4 25 33
57 38 82
63 90 5
10 6 66
86 64 63
38 3 96
76 63 18
57 33 61
36 17 20
52 1 32
18 7 35
93 63 77
19 13 8
94 96 74
34 79 70
56 49 9
60 86 23
2 98 44
82 65 11
3 49 23
57 47 7
69 21 29
67 61 28
86 32 8
6 100 62
9 39 93
96 23 21
76 22 4
96 46 35
27 92 47
67 57 48
38 12 83
81 6 72
71 56 88
38 44 35
59 97 28
26 2 18
72 56 10
77 82 83
37 67 50
23 16 99
62 42 68
55 11 69
99 57 92
71 25 32
37 43 75
40 42 7
1 10 46
39 96 95
80 63 17
70 95 23
30 62 5
66 24 28
13 44 13
42 95 89
18 42 41
26 51 6
69 6 100
17 50 49
99 80 40
34 43 12
43 42 21
55 58 56
40 79 95
45 14 45
76 65 38
75 3 70
80 58 84
40 72 98
94 53 21
76 14 93
29 100 91
53 64 20
26 23 23
39 52 8
9 70 73
97 67 73
47 94 3
74 21 82
74 95 33
15 95 67
34 50 52
90 78 28
73 66 67
99 46 5
40 61 27
95 82 74
21 8 72
33 7 46
76 70 14
99 65 7
29 18 8
54 77 3
46 54 66
48 80 70
70 42 100
60 77 75
36 9 37
87 25 80
80 67 92
98 56 18
11 84 2
83 90 27
24 37 61
48 64 16
47 76 90
76 5 64
41 89 39
48 43 32
85 19 42
83 53 94
22 73 4
38 15 52
60 45 75
99 41 95
72 8 52
48 100 90
6 56 95
19 2 8
85 53 25
43 59 33
35 64 37
21 72 6
32 13 2
5 11 96
56 59 11
80 68 20
61 77 79
44 91 65
74 61 85
20 34 81
98 74 56
58 76 35
32 82 6
2 10 78
82 11 37
19 76 91
100 50 88
86 56 87
48 37 64
79 96 21
91 85 74
18 83 58
67 7 56
43 18 73
20 10 87
88 77 91
50 8 90
51 19 19
35 15 18
42 41 81
67 10 56
53 48 60
12 62 50
15 71 95
14 31 62
80 4 9
2 7 40
78 36 22
76 93 17
14 85 10
3 23 56
4 89 17
85 97 78
23 8 78
46 51 45
48 18 64
75 11 52
56 85 46
85 55 31
20 29 20
54 80 6
88 52 84
46 81 2
31 39 23
70 55 30
38 77 90
17 1 36
18 33 81
67 3 37
58 39 72
68 65 38
55 76 78
13 100 26
25 74 99
19 34 33
48 2 24
92 24 40
58 22 90
77 59 84
12 11 95
82 55 4
11 93 55
98 58 26
41 59 90
10 97 34
98 61 26
72 54 75
87 13 39
33 23 65
34 18 61
14 73 11
29 54 97
99 98 29
82 97 59
94 43 24
60 71 81
78 43 36
95 99 22
44 31 5
24 46 52
82 35 55
27 73 3
3 21 46
70 94 28
86 48 82
58 21 59
84 60 35
48 62 54
47 30 96
19 37 64
99 23 27
78 16 68
89 85 85
33 37 92
36 68 65
90 56 74
26 64 58
27 38 57
32 70 80
43 4 5
81 73 29
79 54 13
23 87 41
25 64 45
40 22 82
67 11 16
77 37 88
10 44 42
67 4 58
73 6 74
10 79 11
41 7 97
13 40 58
56 55 77
37 58 59
72 16 77
79 31 71
39 51 50
56 20 75
9 43 65
100 27 21
76 96 85
36 11 34
33 75 40
21 56 92
35 71 11
14 93 88
57 94 100
58 19 82
14 27 40
72 51 23
54 67 19
45 98 34
53 70 51
46 27 2
54 81 38
41 54 98
57 23 73
52 97 65
70 10 92
41 52 27
25 31 14
30 97 6
77 42 67
50 48 22
2 62 69
47 83 10
76 32 93
11 58 12
10 86 39
14 49 7
21 26 65
97 87 49
60 100 95
83 33 63
45 69 27
44 84 71
28 77 87
71 80 87
48 42 98
70 33 13
99 48 40
71 46 59
5 21 6
57 80 56
57 29 91
38 90 89
10 92 51
21 22 43
56 57 43
66 62 14
29 16 82
34 76 40
34 33 19
71 1 29
7 54 90
26 8 12
97 7 25
73 99 67
65 78 24
89 61 83
70 17 85
33 52 6
90 89 34
83 42 11
67 28 60
65 35 5
84 48 82
86 6 22
42 14 42
59 17 15
82 21 80
29 6 3
67 29 40
9 37 4
96 90 86
91 59 27
24 5 100
86 42 38
26 16 48
78 4 77
55 30 54
86 46 17
78 2 71
12 75 66
11 79 95
65 62 97
75 21 21
99 45 91
43 29 79
9 88 36
35 92 49
91 6 52
34 64 84
73 55 97
13 16 84
82 4 67
8 1 3
93 68 55
15 34 84
35 88 3
82 64 26
51 25 47
100 53 28
32 45 23
72 95 48
58 25 42
25 60 4
69 5 29
67 42 38
50 10 30
70 89 95
76 18 6
47 33 27
29 25 77
71 76 31
13 60 33
11 94 76
70 21 96
42 64 6
39 78 85
30 8 98
91 79 15
35 47 11
68 72 90
12 98 80
2 50 40
96 12 36
77 55 67
28 83 52
93 32 97
81 37 32
47 25 11
91 51 69
27 87 35
43 17 17
66 61 49
75 59 77
82 9 14
74 76 54
24 4 30
99 30 16
27 41 22
97 6 26
89 42 58
52 10 65
27 10 99
25 69 91
52 46 39
