100 4953
5 1 16
97 2 60
86 3 85
5 4 17
22 5 13
93 6 44
25 7 65
47 8 89
5 9 69
69 10 84
74 11 0
66 12 63
5 13 17
88 14 48
49 15 95
97 16 49
57 17 60
11 18 72
13 19 71
10 20 30
14 21 78
51 22 28
25 23 78
77 24 8
72 25 30
15 26 86
2 27 56
22 28 8
43 29 39
25 30 11
86 31 86
72 32 61
27 33 97
38 34 99
78 35 97
54 36 31
22 37 12
51 38 88
34 39 67
25 40 33
64 41 66
60 42 92
20 43 93
23 44 4
42 45 2
25 46 4
51 47 92
92 48 11
51 49 87
52 50 27
82 52 70
4 53 15
72 54 99
99 55 55
86 56 25
84 57 92
23 58 4
3 59 32
93 60 16
32 61 51
23 62 51
100 63 14
92 64 55
5 65 79
39 66 60
33 67 86
2 68 1
39 69 91
11 70 76
51 71 77
51 72 74
41 73 26
51 74 94
57 75 38
84 76 97
29 77 89
85 78 100
78 79 87
34 80 39
22 81 13
72 82 86
15 83 58
51 84 22
54 85 81
69 86 91
43 87 69
3 88 18
66 89 60
64 90 73
70 91 2
38 92 38
11 93 3
69 94 99
90 95 73
23 96 16
72 97 55
69 98 34
39 99 40
85 100 62
72 24 47
74 90 94
4 76 53
85 84 28
37 16 6
6 41 36
20 79 17
61 13 31
80 32 42
40 16 54
80 52 40
88 81 20
24 42 46
98 46 94
8 75 93
74 30 71
32 12 28
50 19 91
45 53 15
49 6 42
34 59 42
100 22 74
9 21 88
44 90 37
1 13 45
22 27 74
26 98 13
17 5 17
83 37 56
88 41 30
17 49 16
72 58 87
28 70 22
39 53 11
74 36 94
89 36 71
36 51 0
95 21 99
6 9 69
26 25 91
39 95 36
49 66 69
93 26 57
52 85 43
46 75 39
36 55 4
35 14 51
91 21 85
64 20 16
4 22 61
44 100 63
12 96 30
17 42 1
28 49 41
15 64 95
67 29 19
96 87 74
45 98 47
53 90 8
49 39 64
44 43 26
67 88 29
91 24 66
66 18 25
15 46 87
79 98 59
57 50 100
81 97 25
4 71 95
3 50 83
4 15 41
6 16 81
40 43 72
38 71 13
12 30 28
20 82 90
97 10 22
72 47 70
41 60 26
72 96 13
1 66 57
73 15 2
6 74 42
76 81 13
24 53 42
62 87 60
53 89 99
57 49 65
1 80 18
88 68 100
99 40 0
17 69 26
69 31 2
6 21 35
20 33 56
69 26 41
24 17 39
69 49 97
57 37 8
64 24 26
63 47 95
10 59 37
96 51 2
78 76 68
65 37 8
36 77 90
14 92 19
69 62 54
56 28 6
37 11 62
56 62 62
21 38 35
56 18 77
84 18 24
63 42 38
15 28 53
31 1 84
9 30 36
10 47 75
94 3 30
40 22 48
3 39 46
21 84 18
48 67 39
85 34 38
84 5 65
10 66 34
45 44 50
65 9 63
46 92 8
60 40 62
21 86 35
89 73 81
12 76 27
32 70 32
76 64 98
58 90 13
15 90 84
19 72 59
1 69 17
73 22 31
82 88 15
5 34 39
75 51 85
76 50 3
1 96 13
44 58 74
95 5 18
20 24 9
46 17 82
29 58 75
27 83 42
80 9 6
52 100 14
71 25 0
97 51 5
54 33 2
23 85 93
20 91 76
22 87 33
40 91 34
99 61 93
86 59 2
61 20 16
87 31 29
88 59 19
68 81 57
47 94 18
79 51 85
48 64 85
43 58 97
93 16 56
15 69 39
26 57 68
64 35 29
95 94 52
35 58 38
88 61 81
15 23 46
72 69 69
76 7 87
6 32 58
63 12 83
42 98 24
3 80 13
37 73 31
29 89 37
27 62 10
46 14 74
24 23 37
35 81 84
27 71 19
5 43 83
97 41 56
58 81 64
21 52 33
10 31 91
43 65 38
77 35 8
1 63 44
31 73 9
7 79 11
65 97 78
56 98 79
81 77 73
77 64 52
54 52 14
70 22 65
11 47 100
54 87 26
30 67 20
7 43 4
41 32 91
7 53 81
58 22 99
15 55 20
97 61 36
97 8 67
19 23 24
70 13 64
32 53 87
39 75 48
50 24 68
29 82 21
24 82 80
81 26 25
74 89 2
6 20 13
47 30 18
2 45 24
44 6 29
48 55 30
24 35 59
91 13 36
100 54 54
76 46 10
90 70 13
89 82 1
55 23 38
62 5 8
77 56 44
47 21 40
80 2 32
54 77 53
37 1 73
30 34 41
25 27 71
87 14 1
37 20 23
39 12 69
88 100 69
33 40 94
73 100 13
13 2 74
63 22 74
71 12 46
94 23 87
21 88 87
8 49 25
91 30 26
30 73 18
82 42 62
41 35 52
48 36 63
79 86 2
11 6 80
76 90 40
10 4 2
2 91 10
73 91 15
10 55 39
49 4 42
76 5 6
5 24 92
76 31 32
52 36 69
63 53 2
42 51 15
96 26 64
44 68 92
57 94 97
2 69 11
87 45 93
13 4 67
75 88 42
2 29 41
85 82 42
28 74 17
75 38 23
59 35 24
10 56 65
85 86 69
99 70 89
89 61 9
22 75 18
4 61 7
75 56 93
52 73 67
10 5 9
24 89 35
74 4 99
73 74 34
6 90 47
87 68 27
87 99 64
90 96 3
47 67 83
95 63 98
40 93 50
70 60 53
45 30 29
36 34 86
81 54 61
25 87 39
49 44 59
20 45 69
4 63 100
75 37 36
27 85 3
86 70 84
100 15 83
5 8 48
80 64 72
54 99 1
57 45 20
78 36 27
61 50 5
27 50 41
61 94 10
79 21 75
62 40 42
68 41 56
69 89 12
47 75 98
4 69 87
83 34 48
37 44 30
14 63 6
98 7 6
18 78 73
59 1 31
14 22 18
18 65 87
70 24 1
28 4 17
60 25 0
46 59 7
63 97 94
19 20 90
24 52 43
99 76 9
99 19 1
20 31 11
62 31 55
52 19 77
84 58 83
73 16 86
29 10 45
98 100 1
64 67 98
100 67 90
40 77 28
9 17 100
91 15 27
27 9 36
33 55 9
43 60 58
50 15 78
27 72 77
24 26 29
49 54 50
90 56 88
29 72 85
49 78 95
6 64 94
74 37 15
61 87 88
25 81 73
60 54 68
46 36 29
33 7 25
36 5 31
17 61 15
91 98 3
99 47 43
30 33 99
98 53 79
52 84 57
78 37 67
96 15 87
75 25 73
34 68 14
16 75 69
100 94 39
81 42 85
73 87 92
98 67 19
94 89 91
24 4 0
93 48 81
37 55 10
27 60 59
69 96 54
53 58 5
16 29 91
42 95 70
49 36 2
54 27 99
26 33 95
24 15 45
91 53 0
71 67 14
31 19 60
83 33 40
18 9 80
61 93 62
82 51 61
47 57 20
71 26 50
31 64 78
66 2 87
25 65 21
79 45 78
29 86 53
82 23 78
90 43 15
29 49 23
86 88 47
59 4 37
5 66 52
82 38 25
53 100 1
95 50 20
45 56 76
69 84 16
98 83 9
40 6 14
5 69 3
91 50 13
10 8 52
27 84 31
98 94 41
69 75 84
34 42 76
9 32 81
21 45 88
68 28 24
74 5 10
30 32 64
67 5 23
69 23 36
16 45 42
36 10 74
9 63 12
23 95 15
64 81 90
54 30 22
73 36 24
42 92 13
57 72 4
48 80 95
86 1 59
79 80 32
57 68 11
28 83 9
43 78 59
44 2 100
74 86 44
90 97 68
61 51 77
42 37 71
6 23 80
15 40 55
6 100 45
16 53 0
75 7 58
2 14 88
2 43 67
7 90 18
78 5 0
18 35 14
54 71 91
92 72 25
94 62 42
78 42 72
11 25 79
4 82 52
18 76 32
76 1 81
28 7 80
42 19 4
32 65 63
96 100 35
69 67 49
39 92 96
96 83 48
13 27 76
90 78 51
90 62 77
13 22 30
41 93 80
55 26 45
31 88 37
52 76 9
11 4 3
35 34 51
21 7 64
53 31 59
79 67 63
22 56 5
66 92 74
63 80 50
46 63 79
67 58 92
44 55 78
61 69 10
17 19 78
60 80 62
95 99 3
93 44 93
69 13 49
46 39 98
36 76 17
40 51 97
97 52 5
84 4 42
56 96 43
52 75 68
97 28 68
22 77 80
12 26 37
22 53 2
36 95 58
88 74 69
3 19 5
91 74 31
75 35 50
95 51 39
13 15 62
61 68 82
60 11 82
43 38 22
94 74 41
46 18 4
28 46 13
45 41 82
6 55 21
100 99 24
15 29 42
8 68 51
25 48 57
32 13 49
60 22 79
85 13 57
27 19 28
56 65 1
48 97 75
27 88 11
26 61 26
89 76 64
17 68 42
77 10 60
32 20 29
77 61 67
21 61 19
55 21 97
32 78 24
15 86 64
9 46 72
27 81 78
6 73 78
43 22 76
80 43 10
7 54 17
65 86 70
54 14 21
85 66 96
89 67 37
75 83 72
56 51 53
100 26 13
79 52 79
97 44 46
36 56 95
99 98 51
5 86 38
22 3 7
36 69 88
90 23 42
21 80 67
75 14 28
71 32 55
41 58 64
68 65 21
96 14 15
53 21 27
71 29 56
92 32 42
48 10 70
58 6 35
14 36 59
83 11 14
49 14 5
26 97 66
78 13 89
36 11 8
17 67 20
9 3 56
30 81 84
99 4 21
67 42 9
12 78 79
60 65 84
67 81 97
88 50 45
69 82 71
58 100 29
59 49 15
64 98 99
11 88 41
69 47 72
34 28 11
37 13 31
54 40 48
62 46 65
84 80 17
92 26 61
80 99 59
89 30 77
49 34 55
13 44 53
17 34 96
31 91 40
15 19 88
69 52 44
38 17 24
29 100 57
60 48 46
84 79 9
39 84 55
57 56 45
3 74 11
52 66 97
23 32 87
70 80 8
44 10 97
81 6 10
60 71 61
46 41 97
93 25 55
64 91 26
93 79 58
1 90 98
27 51 83
22 9 28
58 74 29
19 41 20
3 79 5
77 20 6
16 22 31
9 39 95
97 57 59
54 8 11
82 55 51
31 25 98
11 28 100
25 98 47
84 71 33
24 61 66
27 98 65
54 92 15
64 93 44
15 9 13
78 38 87
44 70 79
86 60 68
93 18 32
78 61 47
8 25 49
31 46 11
75 28 74
47 16 72
26 29 45
1 34 2
30 90 53
5 40 6
14 15 40
42 96 30
20 75 79
22 33 45
82 15 47
1 98 41
82 90 41
76 56 91
3 40 63
5 35 42
88 56 70
77 95 75
1 4 22
84 3 66
4 79 83
1 61 19
95 68 35
48 54 66
31 71 20
11 5 16
53 46 70
23 33 87
46 8 42
98 71 51
7 49 28
71 15 31
83 67 76
29 33 87
92 83 40
26 35 88
32 1 69
4 91 47
39 16 35
39 77 45
50 58 74
82 8 7
87 34 84
57 100 26
63 3 38
8 59 45
36 47 68
84 91 88
27 17 10
53 37 55
18 85 29
62 2 14
12 53 3
48 87 27
74 21 29
66 34 62
7 35 8
7 70 92
96 76 41
14 27 30
12 34 4
72 48 60
7 86 33
8 11 2
25 29 3
71 55 42
16 57 42
64 66 21
24 22 36
63 20 54
66 58 99
32 7 22
25 41 52
28 71 26
20 8 11
45 46 96
23 59 39
82 9 32
36 1 90
61 14 27
71 52 94
71 5 92
64 61 76
100 32 38
13 26 10
38 31 41
99 38 83
36 94 91
100 40 33
15 75 86
59 99 9
14 66 69
48 41 77
40 30 56
78 60 29
32 17 78
100 2 10
67 50 21
81 91 58
24 49 60
47 35 24
60 75 16
53 79 46
66 62 94
85 24 60
3 83 60
29 68 12
41 40 8
43 74 51
33 69 87
81 79 60
23 30 19
65 31 98
9 13 95
55 40 84
80 88 37
50 56 2
10 11 72
75 99 4
82 75 6
93 82 82
74 16 7
87 59 36
54 1 7
77 79 78
24 56 21
84 8 40
64 45 0
74 53 81
45 9 0
33 58 64
11 29 37
99 21 18
43 82 35
50 4 21
20 95 83
23 31 10
18 70 1
13 10 77
57 99 77
13 38 81
38 20 48
70 46 21
22 68 22
6 89 22
81 12 55
36 27 69
84 20 18
68 72 40
43 63 33
99 20 95
70 66 39
20 92 16
58 68 85
97 40 10
79 62 87
42 61 44
71 58 98
31 98 40
42 70 56
47 62 73
98 40 8
1 2 93
46 51 74
26 9 19
77 8 62
13 3 18
14 84 33
15 78 74
74 71 38
71 8 71
5 73 92
100 69 40
63 66 32
49 41 38
77 58 95
15 47 34
10 19 31
66 82 73
15 27 14
54 16 63
23 37 97
59 96 72
87 17 96
27 30 96
53 69 93
47 87 14
29 23 35
19 85 23
73 79 24
55 62 93
29 14 1
2 10 76
57 89 71
55 85 90
59 2 16
60 91 4
85 15 4
70 51 28
41 91 1
16 3 70
3 35 99
1 38 84
94 15 51
65 63 17
23 42 81
97 11 90
91 58 85
36 4 3
82 48 28
50 40 78
57 46 98
32 82 84
78 57 12
15 62 94
96 32 63
42 40 88
20 1 20
10 24 65
78 55 25
67 38 90
10 93 51
6 78 94
12 100 77
71 37 25
44 28 77
8 42 93
74 87 95
9 67 18
76 83 71
41 28 96
17 77 50
6 36 16
41 71 52
92 51 3
5 41 87
41 100 11
83 93 30
23 4 83
24 86 94
4 30 63
91 77 40
74 82 3
26 83 7
100 19 29
29 55 95
60 36 72
76 22 60
32 66 71
32 54 52
56 78 25
66 51 18
62 36 93
8 7 87
24 57 9
39 28 1
83 16 81
33 59 3
17 56 74
78 58 27
50 80 70
66 67 36
91 88 70
81 51 99
6 96 76
39 19 16
99 93 95
11 91 29
44 63 4
4 51 33
35 11 63
40 45 91
46 32 76
53 18 78
83 81 84
74 96 41
81 11 32
80 69 5
7 59 72
82 40 74
92 86 75
35 16 90
93 95 98
94 97 100
25 94 20
91 35 20
3 60 67
53 96 71
52 92 81
25 44 41
24 76 56
88 89 81
15 16 75
79 61 28
48 86 78
58 21 75
65 19 85
20 72 86
86 51 11
80 29 58
25 76 7
29 95 28
99 92 100
63 29 64
90 34 19
74 76 60
96 46 47
44 16 74
69 22 60
34 15 84
15 18 52
34 2 52
71 39 86
63 79 70
14 57 72
84 93 60
84 55 96
13 46 19
73 70 17
28 84 25
55 2 55
73 8 2
67 1 66
84 60 18
8 4 29
9 40 33
35 97 81
87 13 56
75 55 74
73 94 26
47 32 7
68 83 36
100 8 10
25 79 11
50 53 71
10 28 68
21 83 46
89 12 1
54 42 29
10 84 68
79 90 80
87 65 50
12 49 17
97 17 12
44 81 1
43 13 98
74 35 31
69 21 83
1 3 7
98 97 48
2 63 64
47 82 39
53 28 88
27 64 81
68 1 71
12 10 30
58 9 93
94 2 19
91 42 11
8 69 76
72 2 83
55 49 16
63 41 33
66 57 36
50 23 16
94 88 24
86 58 30
56 27 64
53 92 61
70 27 64
69 51 97
41 26 19
22 64 58
23 88 20
44 35 74
2 65 5
89 56 97
94 41 35
58 42 98
52 29 12
33 41 72
64 69 30
81 4 58
62 4 61
85 72 22
19 96 30
46 52 5
71 72 78
72 6 35
44 51 2
97 24 50
98 65 21
100 18 72
45 23 49
21 27 27
24 38 89
28 90 17
22 35 71
23 52 1
5 81 39
78 63 67
20 58 0
2 36 37
93 59 55
60 61 76
5 77 26
13 12 18
100 72 85
89 80 22
45 39 5
73 49 77
46 43 53
14 89 32
28 24 25
40 59 42
44 86 92
86 53 53
72 13 17
21 51 74
63 35 81
43 56 34
11 78 89
1 26 99
6 14 43
48 51 59
85 44 20
20 93 76
58 79 26
50 62 25
52 30 96
94 76 1
65 71 93
99 35 66
31 4 16
88 2 70
41 52 7
74 7 92
82 96 93
21 49 24
24 30 73
84 56 51
34 19 1
17 94 30
82 14 79
87 33 65
41 53 76
2 37 15
20 81 42
82 77 17
82 37 83
70 89 84
81 80 5
88 51 92
86 32 63
1 65 96
45 60 93
30 61 30
66 76 78
15 53 4
48 17 87
81 94 90
37 56 22
21 4 32
79 16 11
44 61 51
73 20 52
82 33 69
20 47 56
28 81 28
66 16 13
8 41 77
27 46 21
7 27 51
61 9 7
96 4 17
26 66 31
80 90 48
92 89 40
1 39 36
64 47 88
76 95 81
86 17 79
76 16 8
95 18 18
93 69 69
31 51 68
4 41 90
59 63 30
83 59 67
16 18 54
64 2 19
53 38 98
55 59 41
53 95 91
38 55 74
42 29 1
3 69 61
85 76 6
58 73 97
37 58 75
52 2 53
99 71 72
42 18 51
73 78 92
93 3 71
3 43 6
96 99 33
100 7 38
8 15 8
81 96 41
92 82 13
99 52 6
30 72 90
17 98 28
18 23 5
84 24 55
83 13 91
10 39 77
86 94 53
35 92 87
39 61 77
49 46 29
97 66 85
84 82 83
30 96 60
22 42 1
28 33 57
24 31 22
14 81 10
71 16 11
70 63 59
83 60 63
43 66 72
92 91 27
4 26 92
58 97 58
80 4 17
95 44 69
11 16 43
79 19 31
33 100 78
47 60 63
32 44 36
56 31 100
39 100 38
93 31 35
83 71 16
22 31 27
97 18 23
89 100 47
26 32 31
63 15 51
91 63 69
8 6 2
99 77 58
50 89 84
55 51 19
97 69 63
24 14 54
98 92 32
47 28 28
13 28 15
4 57 6
10 51 26
59 68 50
81 100 38
17 11 37
70 71 22
81 47 10
25 67 68
14 50 46
70 67 40
58 15 54
60 21 26
52 63 32
47 100 5
41 74 23
46 10 2
13 99 54
30 13 9
39 7 69
80 45 92
88 9 93
59 48 91
94 53 68
86 37 84
31 82 19
36 35 49
34 86 1
52 13 16
35 9 18
70 19 48
73 33 90
24 74 55
91 23 40
53 5 38
39 29 54
36 100 66
5 100 33
10 33 16
46 61 97
90 20 48
4 46 45
94 96 75
92 88 77
17 84 68
97 13 83
22 52 81
10 61 49
41 62 95
39 52 29
5 32 62
92 76 53
84 47 4
56 11 31
70 36 98
50 78 40
15 39 32
95 38 58
80 86 1
37 40 81
90 59 69
90 86 36
69 57 23
71 86 5
50 75 31
83 45 1
42 6 17
68 37 83
40 56 62
70 43 86
34 60 70
68 92 96
9 37 39
70 59 99
42 44 43
23 71 37
45 95 56
26 37 41
100 34 35
84 77 10
79 15 41
9 29 55
43 10 79
77 63 1
67 87 52
43 17 34
13 98 14
20 13 53
45 36 93
85 70 41
57 19 93
76 100 44
20 80 32
64 21 74
46 64 11
10 41 57
15 65 60
8 74 31
75 90 56
56 42 72
49 38 88
37 51 57
18 63 42
1 21 72
87 10 42
84 63 4
27 93 80
44 11 22
28 25 60
67 21 92
96 91 83
10 64 90
22 30 34
47 41 51
38 12 0
79 44 96
43 71 39
42 28 32
46 2 76
10 82 41
21 70 31
48 91 32
61 49 2
73 9 86
40 29 60
34 46 98
44 98 76
31 30 33
72 22 38
16 88 48
23 84 40
71 62 51
81 50 81
39 64 59
6 29 37
73 71 65
18 69 62
16 90 100
93 14 61
4 7 96
15 11 43
11 57 80
55 61 60
94 43 40
73 55 4
12 80 81
70 72 79
99 6 59
80 71 19
45 58 88
13 56 18
93 65 19
41 36 100
79 33 35
77 83 29
31 17 75
18 87 35
1 49 40
69 12 85
64 60 79
38 59 0
83 7 18
81 99 13
8 64 93
20 88 16
78 51 5
32 49 10
61 25 83
44 56 78
18 51 15
100 87 34
22 10 6
33 45 21
78 72 37
79 27 87
6 56 95
87 78 5
85 98 6
13 25 62
66 56 99
25 52 95
9 85 18
5 97 66
42 26 51
43 67 49
68 74 95
56 35 68
64 11 61
48 68 91
67 36 12
85 96 85
8 34 88
5 54 63
22 86 0
61 70 17
27 10 74
63 75 20
79 59 73
59 67 15
74 67 80
77 76 27
30 93 96
66 23 81
75 76 26
59 54 16
35 20 78
70 55 74
80 85 14
79 6 89
17 74 8
99 58 7
67 11 47
11 30 28
55 3 76
94 21 38
19 29 42
13 59 59
13 57 29
3 98 73
19 24 59
88 46 30
94 79 72
31 55 61
89 43 64
10 65 81
55 63 5
66 79 3
19 75 92
7 57 93
46 42 94
74 83 66
73 92 45
46 7 40
69 16 59
99 37 68
22 23 38
95 12 83
42 77 53
99 9 6
82 5 39
38 76 68
38 54 4
40 53 91
87 70 76
7 47 54
28 80 30
3 99 44
32 3 35
50 68 55
14 45 94
80 27 18
43 41 15
18 41 13
81 46 37
29 78 90
14 68 27
37 96 99
91 56 66
16 63 43
53 82 7
32 22 19
84 35 62
54 61 71
26 53 51
79 11 59
31 66 95
95 60 66
22 20 88
55 41 7
81 78 35
75 21 29
31 90 78
93 32 10
24 44 56
87 9 70
98 15 20
31 75 74
28 98 45
5 38 30
4 78 10
6 85 91
53 43 7
93 51 23
79 64 4
99 68 25
100 21 59
95 61 56
74 31 60
29 66 35
54 34 57
33 57 71
24 66 70
5 48 1
53 47 26
24 90 26
38 87 98
43 9 0
71 87 83
68 76 17
17 20 81
65 54 55
14 94 53
40 74 33
23 77 60
83 85 96
30 69 20
91 47 69
30 94 4
80 10 82
37 62 43
34 45 0
63 94 96
25 53 97
97 64 27
15 60 46
70 92 61
12 60 57
89 49 20
74 23 7
55 80 61
33 91 35
97 25 24
6 12 22
90 91 87
15 38 34
88 15 56
12 82 79
36 9 12
89 31 94
34 93 94
98 62 77
52 67 14
59 28 32
97 100 93
7 13 82
97 46 99
65 42 13
57 21 95
28 86 78
74 75 62
70 33 21
75 71 96
94 22 46
89 96 18
77 55 44
42 86 82
67 90 0
16 34 52
61 85 72
63 90 44
52 7 4
58 60 50
89 93 39
65 57 98
61 40 39
37 89 46
43 42 94
17 12 5
13 50 95
28 67 41
85 71 79
74 14 21
95 59 26
68 80 48
88 38 83
55 9 90
10 7 91
2 33 39
88 48 84
18 64 99
97 23 34
93 17 50
37 24 55
78 94 42
93 28 78
38 52 51
19 69 53
62 12 43
25 38 31
70 1 97
63 57 48
46 38 74
90 84 94
8 43 15
87 49 88
39 23 66
48 44 1
26 74 11
67 80 32
76 80 92
10 14 65
19 94 84
97 88 29
66 37 86
90 36 76
37 54 48
75 43 54
41 3 25
96 65 31
43 30 9
73 46 3
39 98 97
31 3 37
10 54 7
57 59 21
82 79 77
82 16 72
90 11 70
36 12 81
46 37 45
73 90 20
18 90 35
77 1 94
62 75 46
12 18 37
23 57 41
14 58 24
50 99 46
1 14 78
85 58 13
9 71 45
78 7 7
60 98 26
60 88 73
32 95 60
60 57 97
66 44 72
20 30 28
16 9 81
95 56 34
32 90 79
74 66 81
73 7 35
45 4 86
74 57 33
36 93 43
56 52 22
47 18 18
10 90 84
41 42 23
93 72 89
59 50 61
44 3 86
46 60 97
79 43 68
60 13 78
41 1 26
75 6 100
66 78 31
29 57 14
6 54 59
48 20 94
38 74 23
7 17 6
34 43 4
39 88 98
52 9 35
21 26 5
20 66 71
5 55 44
8 52 64
22 2 62
3 64 74
33 11 48
54 35 79
11 94 64
22 59 83
75 33 82
57 27 27
34 77 12
58 89 87
31 11 80
23 3 90
6 65 75
71 92 62
13 76 14
68 94 73
86 54 86
63 36 4
16 20 23
13 63 56
83 22 50
8 16 56
82 65 39
63 76 19
48 98 24
55 79 22
7 48 49
77 15 98
1 85 100
89 41 26
92 78 66
11 85 52
77 71 41
60 28 87
5 56 89
10 63 60
92 100 17
48 26 55
6 34 60
58 69 45
14 25 29
71 13 58
79 92 0
100 78 50
66 73 82
25 22 41
1 50 53
36 18 19
59 77 66
16 67 47
20 39 76
38 61 66
95 10 91
4 58 15
44 65 87
6 19 86
59 39 30
36 99 59
72 33 1
63 96 99
36 13 49
59 25 44
41 17 59
100 82 13
37 18 26
98 41 54
79 46 58
8 96 80
73 3 29
26 75 68
13 40 68
44 40 28
2 4 49
9 72 19
46 78 45
43 14 71
86 96 1
17 29 70
32 68 86
52 72 89
41 99 63
55 67 37
84 78 61
22 71 10
31 81 51
65 20 92
62 38 21
99 7 56
27 16 86
41 79 87
95 91 59
23 47 47
53 81 13
4 73 12
17 28 52
78 9 14
31 72 5
31 57 6
63 33 79
11 26 9
45 3 44
16 55 11
69 6 46
66 42 96
49 62 79
91 1 15
82 17 15
75 85 70
67 51 12
94 83 69
62 44 83
48 29 44
72 86 63
98 37 18
12 99 96
86 19 10
49 92 70
72 88 54
45 49 43
62 61 64
11 73 0
24 33 67
87 20 20
50 83 90
78 27 36
32 51 73
72 91 62
30 55 51
57 42 33
49 74 87
96 41 88
99 42 94
75 68 65
20 9 5
5 7 50
95 80 93
44 20 90
23 83 9
29 88 90
54 96 58
29 32 28
26 77 44
9 77 70
85 32 40
53 77 16
30 19 23
14 91 11
77 92 20
14 26 92
83 88 16
44 38 95
32 97 1
58 98 58
18 75 82
82 41 85
78 30 34
78 98 5
50 26 17
34 9 60
13 24 54
54 12 87
53 49 37
32 52 10
50 65 55
98 86 95
38 97 91
21 34 7
73 69 76
27 95 9
9 44 51
53 84 69
87 81 19
30 58 80
78 89 4
60 82 15
14 3 38
90 100 9
59 81 89
19 73 36
76 59 15
29 59 26
73 63 91
91 85 62
62 29 26
46 65 71
62 51 65
34 31 65
76 79 40
57 32 49
3 82 57
19 54 10
8 95 43
25 56 47
59 12 12
4 12 90
48 8 23
9 74 53
80 41 9
17 22 50
90 77 87
67 41 35
87 77 34
16 62 47
18 26 85
3 10 12
94 56 25
10 85 87
18 33 79
38 22 48
68 85 2
77 85 9
89 7 18
87 51 60
11 76 91
22 26 91
78 65 34
11 32 25
68 64 28
99 32 90
52 95 67
98 30 75
68 45 48
99 53 20
53 64 56
26 51 93
30 7 43
88 13 100
34 40 39
42 80 98
50 2 43
90 55 40
28 91 73
42 12 68
94 64 39
46 33 54
48 66 51
97 78 36
9 62 69
3 96 39
14 67 0
88 19 54
86 99 51
16 2 52
31 47 91
39 42 44
28 52 76
63 67 39
93 43 16
81 3 40
96 47 23
84 34 86
49 31 2
86 95 89
19 45 88
23 67 98
78 2 67
65 3 63
20 49 18
63 5 31
99 44 17
30 48 89
78 26 97
84 70 80
99 91 80
100 65 98
8 2 48
93 33 95
69 63 40
81 73 70
46 3 80
5 96 95
94 1 78
76 33 56
98 82 18
79 95 10
23 12 65
38 18 63
45 75 78
59 27 99
49 10 59
85 60 53
62 83 27
10 18 42
62 43 90
53 72 98
28 94 32
54 26 35
70 82 83
34 88 6
20 11 70
99 31 82
38 85 43
9 2 12
17 59 96
84 32 0
71 17 0
66 21 20
25 83 61
10 50 62
99 69 89
52 49 35
33 6 61
38 41 91
78 39 88
54 58 57
66 86 38
73 53 92
88 73 17
16 19 43
12 46 49
82 27 16
21 32 100
80 82 69
69 91 20
70 45 97
26 31 47
35 79 45
63 19 16
90 19 50
20 21 91
28 55 90
92 3 85
30 26 10
15 25 77
36 91 33
66 65 9
35 28 67
64 19 6
66 27 80
72 26 36
30 38 8
10 34 64
23 21 93
25 62 56
73 34 21
36 32 90
20 59 8
52 96 49
3 26 48
73 75 13
12 31 44
91 29 28
53 55 38
5 45 73
14 41 74
3 29 72
61 3 98
19 22 73
5 90 73
84 87 17
89 16 82
95 26 31
60 56 53
24 67 95
64 65 58
48 75 71
34 98 28
89 4 80
27 28 49
60 5 97
59 98 10
88 42 7
87 7 11
16 48 22
25 21 88
89 55 44
2 84 14
83 97 9
32 2 66
62 53 0
69 54 81
15 35 78
71 100 92
90 2 47
9 79 7
93 67 78
27 8 70
28 20 85
5 33 57
5 83 1
91 75 64
6 30 30
80 77 46
40 89 96
18 81 58
75 77 74
47 68 50
19 25 78
1 53 91
70 40 94
9 53 91
14 83 40
7 60 100
88 93 22
19 56 43
28 18 23
84 65 80
23 10 14
60 17 30
40 69 12
18 73 88
80 38 49
62 57 98
65 61 95
19 32 63
47 93 32
37 28 5
37 49 38
33 17 30
17 83 71
16 85 44
81 13 95
73 12 61
80 83 0
4 66 40
53 56 73
58 95 29
49 47 44
45 78 48
70 26 92
67 73 47
14 69 8
13 47 95
36 23 69
78 34 96
35 2 26
43 37 28
87 72 17
16 58 11
57 58 46
29 73 58
50 37 25
50 45 17
1 45 14
39 6 95
37 36 65
13 96 39
50 21 13
87 66 16
93 78 42
20 56 64
23 43 23
53 30 37
7 51 78
1 79 100
92 19 38
84 92 29
70 58 81
50 87 22
70 77 62
36 83 24
60 1 84
96 43 51
66 84 97
25 1 7
60 73 78
21 81 55
63 88 53
68 93 68
28 95 36
75 12 89
38 94 5
29 36 40
17 90 7
42 84 82
55 25 85
53 27 87
50 96 13
56 49 89
37 31 82
38 50 14
84 6 98
95 15 25
38 83 73
99 84 29
36 15 40
38 26 100
45 73 83
97 87 62
8 39 14
35 86 92
44 67 42
29 83 53
47 65 87
100 56 55
80 18 34
31 80 28
16 72 43
66 41 52
100 50 15
38 33 73
61 41 16
4 85 35
58 40 42
30 83 68
14 86 18
67 13 43
30 16 23
1 46 64
87 92 70
79 13 53
72 50 71
14 40 97
26 39 56
40 8 21
14 99 63
7 14 48
22 12 6
35 65 20
87 56 96
79 40 33
54 82 18
33 90 42
74 98 22
16 65 64
4 68 10
23 56 58
54 55 75
65 70 45
21 85 56
99 2 37
29 50 48
18 60 49
68 20 83
24 29 31
17 10 73
75 81 39
91 46 33
33 13 68
24 75 42
69 90 20
90 50 34
11 41 32
33 52 56
97 42 13
5 47 81
66 33 11
73 38 72
96 58 37
5 80 66
77 72 87
96 70 28
19 11 25
98 63 86
21 59 59
45 88 70
57 76 41
12 86 95
96 33 45
81 24 96
7 72 24
72 66 27
74 93 28
62 74 69
54 4 19
84 86 35
99 56 1
66 54 56
74 1 92
40 49 34
64 44 43
25 20 28
19 74 48
24 87 17
39 48 25
8 90 17
55 64 39
65 30 92
34 95 7
76 43 52
90 92 43
61 8 61
94 18 35
4 27 22
47 56 8
1 9 79
21 12 37
67 96 97
48 35 23
16 49 62
86 47 39
9 7 90
55 11 91
38 81 47
30 86 40
78 52 79
8 98 78
58 28 2
24 43 45
64 57 20
97 96 27
71 50 56
80 94 18
94 99 100
58 36 64
77 45 36
23 79 9
98 61 55
28 66 41
25 12 26
33 15 42
90 45 65
92 97 40
42 48 41
29 85 66
53 54 49
5 98 7
97 19 60
6 25 43
63 32 40
62 3 76
5 93 23
99 82 68
85 39 32
48 100 38
8 72 27
72 65 92
90 98 39
4 20 94
67 31 60
62 99 32
39 40 7
21 68 81
90 48 82
59 74 25
7 12 72
42 53 48
47 50 17
72 35 91
82 11 58
32 4 21
28 73 61
33 12 88
62 42 69
61 81 77
3 75 73
98 66 51
8 1 19
95 84 75
68 46 98
50 51 29
14 51 45
78 80 27
36 24 13
44 87 31
84 44 23
44 78 98
10 30 62
17 2 38
10 37 30
83 54 96
61 63 74
64 78 36
79 37 47
59 78 49
6 63 33
61 27 42
64 84 70
42 15 10
92 62 86
62 14 27
14 72 4
65 83 49
13 31 18
42 100 59
23 99 75
98 49 59
56 63 33
69 65 44
71 90 13
15 56 95
79 34 37
55 74 69
77 44 76
86 20 55
39 31 11
79 96 2
95 11 64
48 58 66
62 28 79
46 56 19
56 2 6
9 89 15
28 57 37
60 59 5
71 6 53
80 54 37
57 51 69
30 59 72
72 74 21
3 56 12
97 80 29
13 16 90
53 17 69
86 11 99
93 55 17
99 45 93
20 42 0
61 18 16
48 47 75
84 46 76
83 63 95
7 37 28
79 70 20
73 17 58
53 3 94
57 82 59
62 54 65
96 57 43
98 6 76
68 98 99
1 12 3
8 3 22
65 67 99
37 6 80
71 63 53
97 22 59
16 64 26
76 54 21
50 16 34
82 56 44
3 76 76
72 49 80
71 36 81
94 92 62
5 16 96
59 71 79
6 80 59
21 15 25
80 56 82
71 48 27
43 83 95
31 50 0
50 84 6
66 60 49
46 86 18
57 67 91
35 23 87
57 41 49
67 54 0
55 100 48
44 5 46
67 68 44
21 28 88
19 40 48
97 71 48
11 53 75
33 62 11
6 83 44
21 40 89
48 31 67
58 7 17
32 48 51
45 65 45
57 39 38
99 83 78
18 88 8
6 86 11
85 48 45
56 73 72
1 7 10
22 85 91
5 75 15
87 46 41
97 49 83
67 75 54
58 59 82
63 62 72
90 39 6
99 27 18
78 40 94
12 27 15
30 2 4
96 98 68
65 33 73
49 43 38
98 47 40
78 86 9
62 86 41
78 68 89
43 4 91
9 10 58
86 82 68
92 31 30
73 13 66
6 52 75
8 51 57
57 48 27
74 70 36
95 78 87
57 53 97
93 62 47
28 76 13
49 2 35
37 14 88
93 42 56
60 33 92
65 88 5
56 8 62
76 53 6
95 35 53
90 46 89
61 53 79
11 23 85
41 50 73
7 3 73
87 53 57
60 51 68
23 92 11
52 16 13
62 100 57
88 26 59
60 52 29
72 67 62
94 7 46
10 71 57
100 77 74
97 43 88
81 19 83
89 65 30
24 98 84
34 4 21
83 39 55
77 96 10
52 43 8
72 43 26
5 50 13
60 19 22
13 74 52
96 78 52
79 22 28
20 67 69
9 70 43
90 12 53
55 14 19
78 74 23
76 26 16
79 49 65
16 46 3
58 5 56
41 16 71
10 78 22
36 3 39
81 9 30
29 97 8
46 26 87
29 31 70
97 53 42
80 23 19
68 69 52
35 29 0
59 42 69
37 64 47
93 100 37
15 72 95
31 63 81
73 93 8
56 85 17
52 83 34
45 32 40
74 79 14
37 91 16
10 15 75
1 100 40
97 91 18
7 38 49
56 12 64
75 92 27
96 92 27
26 34 59
85 25 63
21 22 83
72 23 97
46 21 76
39 24 7
95 65 47
46 71 30
18 99 48
96 48 19
43 11 51
37 47 97
90 27 39
45 71 38
92 74 87
33 51 8
12 93 76
11 46 83
94 51 36
45 72 74
55 43 79
36 33 59
26 65 88
5 15 9
85 42 74
95 75 19
75 93 88
3 4 33
54 17 30
96 71 65
61 75 97
63 21 2
19 43 40
93 8 31
27 65 12
19 78 5
14 53 43
74 85 31
70 3 52
27 35 29
15 70 13
62 26 84
20 97 83
16 28 84
97 76 2
69 44 47
99 51 91
30 87 47
75 78 95
57 91 62
3 57 77
18 79 95
75 44 33
90 89 16
32 87 37
5 94 49
96 80 16
31 32 51
74 33 31
29 60 74
55 98 45
52 77 99
11 38 4
78 88 17
60 20 81
2 25 31
79 12 35
36 17 72
97 47 10
18 52 77
99 48 22
8 89 28
62 34 13
65 4 17
22 99 94
7 2 30
65 34 53
14 38 6
82 78 3
56 14 78
64 13 36
35 76 73
54 28 96
59 53 16
50 36 99
55 18 57
5 23 79
83 4 47
83 24 28
81 36 73
86 91 18
6 62 98
46 83 97
81 33 80
57 9 61
49 99 98
37 59 59
6 97 99
43 45 78
90 25 84
25 95 25
38 42 66
44 12 44
55 52 97
4 42 50
60 69 95
54 29 77
54 70 22
48 78 97
35 80 82
12 70 18
10 32 29
30 82 45
54 2 3
58 88 85
65 48 26
28 5 62
34 91 83
24 51 81
38 77 95
18 30 19
4 52 18
19 98 36
60 53 51
4 70 46
6 1 32
4 93 63
83 10 5
12 58 52
93 76 29
68 62 32
77 30 13
81 49 66
75 1 69
92 28 3
19 84 58
74 25 33
100 3 18
59 19 11
52 37 7
24 16 29
1 81 2
45 61 83
64 71 84
80 49 23
9 68 27
11 42 17
36 87 46
92 93 94
100 20 91
5 57 60
32 94 95
37 39 99
54 46 24
39 47 52
94 34 94
5 37 74
37 88 13
5 88 68
23 54 31
61 83 100
13 51 64
74 2 50
87 69 39
88 32 16
92 60 88
90 68 45
49 84 44
15 92 78
58 62 32
48 83 95
59 91 83
67 3 75
45 18 96
100 84 72
70 17 12
60 10 25
85 62 13
28 6 90
35 98 88
43 73 19
66 59 13
97 74 91
69 32 53
54 56 59
73 24 76
15 80 78
96 73 55
19 36 94
29 51 41
29 45 82
11 98 61
32 81 95
23 17 57
30 79 69
21 13 23
14 42 10
30 3 77
35 89 82
16 78 45
56 7 16
42 33 26
50 66 90
37 12 20
6 43 51
20 14 85
1 82 11
19 21 61
78 62 49
21 62 76
89 95 81
70 57 60
89 21 52
66 17 26
80 26 94
59 31 95
64 88 1
32 60 18
63 81 29
9 4 87
97 84 13
30 97 97
11 34 7
11 51 41
6 31 48
8 58 45
29 84 60
15 30 11
52 14 98
20 7 93
57 30 50
79 36 77
61 84 31
76 86 18
97 99 18
36 22 47
39 21 92
83 55 29
29 79 49
37 60 95
88 99 32
38 37 4
100 51 40
68 73 76
82 36 61
59 94 89
1 93 3
36 86 46
77 31 8
100 45 87
97 54 58
91 93 72
100 91 55
67 84 94
70 41 74
100 14 31
42 87 61
86 10 65
69 11 0
75 80 63
96 7 32
43 48 46
87 40 47
57 86 50
31 96 77
59 51 98
71 82 96
61 71 6
95 67 51
99 15 52
62 18 89
73 21 49
92 12 1
3 18 4
96 25 12
82 50 98
92 16 93
19 62 67
20 51 83
94 10 99
47 92 42
25 50 22
25 16 83
14 79 96
72 38 16
98 50 27
94 24 7
49 83 39
59 75 5
35 30 95
93 7 12
80 73 5
67 78 4
31 40 10
78 71 4
21 48 26
97 45 81
2 73 29
20 83 0
18 7 44
31 21 20
47 24 42
50 48 16
73 84 34
1 18 7
49 9 99
36 40 94
64 29 61
34 23 69
89 60 57
47 2 10
12 57 11
65 7 36
25 35 59
65 23 88
44 73 82
67 39 74
81 29 38
38 28 99
67 77 35
68 84 51
27 37 25
30 99 54
74 42 26
34 53 39
90 88 37
22 49 35
100 28 98
21 41 51
17 13 50
12 52 43
77 27 41
24 2 37
67 4 48
64 58 58
44 52 28
39 82 46
97 7 11
64 82 91
20 70 69
50 86 64
32 59 40
68 19 87
53 35 83
69 79 57
76 67 31
84 75 95
19 26 59
62 97 75
46 58 55
9 98 44
4 98 98
3 97 21
15 51 37
83 56 41
76 19 60
60 8 4
7 84 5
8 76 59
57 38 58
47 14 9
43 95 57
88 30 85
60 14 23
79 71 95
64 52 33
18 91 98
58 34 3
99 26 60
41 78 50
84 81 98
66 80 63
54 25 37
83 42 28
32 58 19
95 13 54
6 59 19
49 70 19
55 4 77
60 99 97
68 40 9
2 70 20
48 70 49
90 40 83
19 95 62
17 37 5
24 92 96
28 61 94
60 31 28
9 24 36
17 96 26
23 68 52
32 79 64
23 63 80
44 29 88
53 85 96
15 66 56
81 70 89
82 6 55
92 17 24
10 38 27
87 37 97
32 56 75
10 98 82
46 23 59
17 89 74
36 25 42
62 7 80
42 31 55
81 89 23
43 25 35
65 49 43
56 68 68
47 73 57
24 100 92
93 45 70
59 64 97
12 50 38
91 39 91
17 65 90
79 8 17
14 64 21
80 59 6
42 47 42
47 45 63
24 88 52
69 66 6
97 89 24
2 51 66
52 65 38
64 49 100
78 20 22
36 64 87
79 65 2
86 52 16
72 41 21
72 80 14
42 89 56
39 14 15
52 51 28
16 96 5
31 97 43
33 44 96
46 6 81
61 48 7
27 52 99
35 40 73
71 88 13
7 22 44
50 32 26
57 79 39
58 52 11
72 94 19
67 99 97
70 56 45
4 77 59
12 14 96
37 41 50
47 54 28
83 79 97
86 89 67
72 55 67
6 24 66
15 6 75
97 79 34
40 66 91
48 40 78
26 90 52
62 10 1
65 41 18
38 39 74
92 45 75
82 97 8
33 94 36
97 70 41
39 44 44
32 64 16
73 26 91
12 43 74
50 42 35
36 16 60
26 7 50
9 48 28
86 97 44
88 4 64
37 77 55
68 60 48
10 75 87
96 66 98
21 78 56
90 60 55
19 35 69
40 88 11
45 31 32
17 39 14
26 91 84
92 21 71
3 87 38
61 90 36
54 90 83
91 82 85
68 13 13
81 45 69
52 98 82
45 35 41
94 82 100
57 61 56
36 65 23
33 31 7
42 32 24
87 12 30
80 65 26
72 4 32
17 8 86
17 18 46
80 16 87
86 25 41
43 84 64
37 70 0
9 92 88
36 92 67
93 71 20
20 57 10
59 62 91
43 57 10
41 85 6
27 63 67
93 96 72
38 64 66
75 36 16
85 28 59
80 53 83
84 38 82
30 37 33
14 98 24
40 7 99
89 47 52
29 13 95
11 58 13
6 77 9
35 88 49
58 82 84
33 1 97
6 22 95
44 53 41
58 2 46
7 64 47
25 10 13
28 48 26
83 35 96
35 51 15
74 47 80
92 33 14
40 20 25
35 17 57
20 27 9
19 93 9
85 69 76
67 2 61
95 1 78
68 97 64
36 8 34
17 78 65
53 93 30
6 57 1
39 68 76
60 44 87
64 54 45
83 51 80
12 51 77
8 57 64
85 8 54
57 55 9
9 25 14
41 15 69
38 40 74
54 51 16
25 32 22
23 60 15
38 36 44
66 35 20
99 16 32
90 83 2
9 94 7
91 27 8
45 51 97
7 36 79
100 66 88
5 79 85
46 72 6
55 87 27
50 8 0
1 43 2
22 89 2
45 24 60
20 3 91
43 26 63
9 93 58
24 48 41
24 80 57
66 19 17
95 14 1
16 68 7
49 88 41
59 47 45
48 46 30
73 54 64
1 99 86
90 65 49
50 77 19
3 77 83
62 64 29
76 44 1
44 4 9
96 21 54
3 51 64
94 66 100
77 51 1
11 27 54
85 81 19
39 70 80
34 63 21
23 61 30
14 32 9
6 70 60
23 9 11
39 86 5
99 79 12
69 56 77
47 29 48
24 59 28
68 25 26
55 88 0
90 35 77
64 33 55
77 32 13
97 56 38
5 92 73
83 32 40
88 95 99
58 75 71
41 20 76
34 56 52
93 2 13
21 54 95
69 55 98
26 44 66
48 95 90
55 1 60
73 27 89
24 41 30
25 70 97
47 12 76
47 70 77
33 85 59
73 1 89
38 63 82
58 38 85
98 93 34
71 53 97
100 43 76
49 91 30
16 26 87
35 1 9
26 5 0
73 83 10
35 4 63
12 72 23
80 87 25
79 88 18
38 23 47
22 96 75
8 32 83
1 27 12
9 8 1
26 40 37
24 12 11
45 38 52
26 28 29
56 41 56
24 34 78
12 65 71
88 84 47
83 9 55
88 47 4
91 17 25
68 53 77
22 84 52
32 91 40
42 21 41
76 51 29
5 29 94
27 92 47
81 71 7
46 85 95
26 56 97
35 8 33
27 38 73
76 30 96
3 91 49
39 35 98
49 13 84
54 22 57
4 64 34
35 69 32
23 26 78
44 74 89
100 37 54
45 8 44
77 2 7
16 10 22
45 66 18
11 71 85
95 33 47
73 57 79
31 27 87
38 69 86
1 19 37
7 66 19
23 93 25
5 61 82
49 68 57
82 13 85
64 23 79
21 97 74
56 29 71
18 58 19
35 38 25
60 16 52
47 43 70
30 64 20
8 83 98
76 6 50
53 83 9
55 81 68
46 50 79
76 15 58
1 29 95
43 31 0
56 30 11
62 80 88
7 24 25
45 69 84
23 87 46
8 87 15
61 73 39
43 28 95
92 25 87
36 88 20
11 22 14
15 74 75
44 14 32
45 11 43
22 8 8
5 20 81
88 53 100
84 98 38
61 100 11
6 26 62
27 40 24
65 74 66
35 73 88
82 2 94
16 21 83
71 68 39
60 30 73
70 68 54
66 61 28
37 3 100
43 99 81
48 34 93
76 73 25
89 5 19
61 6 13
66 8 2
94 67 29
87 63 60
3 12 80
71 30 32
54 43 51
2 28 9
43 68 60
32 67 56
61 37 22
13 90 20
2 81 46
94 29 82
19 9 16
27 3 78
8 70 45
23 51 70
98 29 31
26 52 95
84 74 16
19 82 92
18 86 69
21 8 62
86 27 90
67 26 86
11 100 3
10 76 62
10 73 97
91 44 24
89 46 67
10 91 70
93 39 100
42 75 78
81 69 86
25 80 22
10 1 100
19 67 84
11 21 59
88 57 15
25 99 40
72 90 7
43 69 33
36 59 60
4 97 59
80 61 72
91 61 99
60 4 7
97 36 67
91 25 99
45 37 72
49 63 94
38 98 40
88 66 48
76 20 62
83 18 61
87 86 80
82 28 39
25 88 47
67 56 27
78 53 35
87 89 50
78 31 37
99 66 15
85 49 26
15 7 98
49 26 5
53 66 11
13 8 63
5 64 73
94 48 44
86 23 86
67 10 91
31 16 99
69 70 54
63 99 33
31 15 27
22 46 35
74 45 15
18 13 41
100 75 6
63 51 41
84 16 99
94 54 64
76 49 28
76 87 74
45 67 24
89 3 42
69 29 51
45 7 18
43 98 100
74 77 65
11 72 19
63 74 57
41 84 86
46 29 0
25 84 36
91 62 43
16 87 47
67 35 87
28 19 84
4 47 45
55 91 86
38 70 62
62 32 88
48 52 13
61 47 17
35 12 21
19 37 18
84 40 47
63 45 90
16 4 46
7 63 49
13 55 93
45 59 31
31 100 97
23 14 80
16 61 37
65 94 73
14 9 36
95 69 75
13 6 49
30 84 13
25 73 69
59 5 42
82 83 22
17 44 52
8 18 35
84 96 52
87 95 38
38 66 79
21 24 72
24 1 99
39 65 86
18 22 31
100 4 50
2 5 62
31 85 75
22 45 36
25 45 1
52 31 59
34 51 96
22 50 90
62 22 18
47 66 27
93 22 78
83 69 18
89 62 57
73 62 23
1 47 32
58 93 2
41 39 52
50 63 49
85 35 24
2 75 52
39 22 90
90 87 34
39 76 47
24 69 85
58 92 14
52 45 83
64 70 64
57 15 89
35 21 37
2 38 99
38 4 94
7 85 12
30 44 74
30 36 48
94 77 54
23 1 24
17 62 84
22 67 66
33 8 49
98 12 81
31 7 29
96 55 92
34 47 74
62 82 20
15 44 87
39 89 28
84 62 87
15 48 60
35 82 15
39 11 84
86 100 29
16 14 21
20 62 7
48 73 77
81 8 11
2 6 19
61 86 39
99 34 69
95 46 87
56 9 75
78 99 51
24 65 29
70 100 94
95 74 89
58 27 32
62 72 96
14 48 16
21 56 21
37 33 66
1 62 6
38 29 5
30 95 58
24 60 83
35 100 22
92 61 22
91 43 40
23 89 69
52 61 84
53 29 21
31 61 36
69 48 83
17 4 61
67 61 17
6 3 38
60 100 33
21 10 16
77 47 37
62 52 32
27 100 92
89 59 46
95 92 29
95 98 45
44 94 95
49 35 69
18 98 53
87 64 14
46 74 65
39 79 97
82 34 8
98 23 96
76 41 92
64 56 2
44 72 60
11 77 3
2 42 99
69 59 16
92 22 25
9 96 74
8 28 49
22 44 87
42 73 96
27 39 61
25 63 4
42 1 79
46 35 65
12 5 62
11 24 69
79 10 57
94 45 81
25 100 44
46 99 98
75 4 66
28 79 4
62 30 89
22 65 83
55 46 79
44 88 91
4 14 53
23 40 50
100 95 13
1 51 16
92 57 94
2 39 14
65 14 15
72 42 99
87 11 68
86 68 28
85 26 79
76 71 34
80 93 17
83 44 93
12 88 24
22 29 89
57 25 35
45 55 90
16 7 58
87 19 28
98 73 80
14 8 100
24 32 64
72 79 23
55 94 43
17 100 19
81 40 19
9 38 81
80 57 100
68 35 65
3 42 5
91 71 50
72 61 53
14 5 4
69 77 24
3 78 40
40 67 6
58 56 78
100 49 85
60 76 37
17 3 41
34 67 10
39 54 1
50 55 44
66 30 95
37 97 57
70 75 36
35 94 20
22 61 67
52 11 59
19 44 43
80 37 100
63 93 92
12 28 65
89 64 70
15 61 84
98 81 14
3 52 44
22 95 88
36 42 39
34 7 26
2 18 26
48 1 57
8 78 39
66 91 72
42 90 71
66 46 25
65 92 71
68 7 45
68 6 49
95 9 6
19 12 3
17 88 65
13 80 80
1 15 62
25 64 61
5 51 14
41 90 4
32 43 2
85 94 53
1 16 28
17 95 100
8 12 37
46 44 55
58 51 26
23 73 19
20 69 77
58 94 62
18 96 14
69 88 75
96 35 85
11 40 47
55 27 85
38 3 27
87 41 92
47 38 50
73 82 75
2 96 82
92 6 6
74 50 14
91 76 34
96 10 47
58 61 42
81 82 48
15 59 51
91 80 21
45 82 5
80 58 67
18 27 7
90 49 50
100 64 6
63 30 56
56 16 99
32 98 30
47 25 91
8 26 6
22 82 32
70 52 99
89 20 20
65 40 25
28 89 66
53 23 77
24 58 76
50 17 83
1 40 51
78 28 66
95 31 7
8 62 73
69 7 90
85 59 19
77 28 51
93 29 79
69 92 62
27 32 52
14 33 75
36 61 4
68 10 25
40 4 63
8 44 43
76 27 6
32 33 61
67 60 100
18 72 1
5 19 80
35 43 93
41 31 77
28 31 75
99 74 25
2 71 71
57 98 29
46 24 34
10 89 75
84 31 25
87 98 93
2 48 57
75 65 24
89 26 21
64 12 89
100 13 98
12 68 63
20 23 7
31 9 96
25 58 38
61 11 40
34 55 15
9 28 52
53 8 20
61 82 80
54 41 53
59 97 26
22 80 12
40 46 100
7 77 7
30 70 5
52 35 25
87 28 48
63 82 49
74 56 34
50 9 76
26 82 32
54 78 46
79 91 90
94 84 83
18 40 5
29 18 24
63 48 63
42 16 33
49 60 10
19 14 20
96 49 75
92 30 29
3 90 10
40 64 75
9 42 15
3 11 92
3 25 80
95 96 54
26 84 10
48 12 17
28 51 41
87 88 3
11 96 17
70 76 34
71 35 96
32 39 83
87 5 51
63 54 75
66 90 52
37 29 91
53 36 25
62 70 33
87 39 93
98 21 71
75 29 75
3 21 61
5 49 69
87 1 39
2 89 55
87 21 86
38 16 15
16 33 76
79 24 88
5 91 6
50 30 64
53 20 67
96 75 16
5 3 6
63 72 47
33 47 91
43 39 82
20 55 9
66 81 100
18 6 78
91 51 28
28 40 82
30 17 44
95 47 74
64 85 70
90 14 88
23 16 83
63 40 55
90 51 0
66 13 9
15 81 42
38 65 44
16 95 84
59 65 27
83 19 29
76 58 35
16 43 67
42 5 10
75 34 14
6 47 37
3 58 11
96 61 40
67 7 40
78 70 61
79 26 87
94 46 77
28 63 89
58 39 48
64 51 16
21 82 81
98 76 59
29 21 22
21 93 24
67 85 10
57 34 85
81 48 57
61 12 79
34 33 0
65 13 6
80 74 81
46 19 30
38 19 92
59 14 61
85 37 81
79 56 23
9 76 67
50 18 53
100 23 40
19 58 24
32 18 31
25 42 1
78 1 33
78 91 14
89 98 73
65 85 71
85 30 15
44 96 55
69 74 79
93 13 28
72 39 21
35 62 62
77 98 5
63 86 85
74 100 74
49 58 48
6 38 8
71 69 2
58 87 97
7 44 37
35 6 56
50 97 22
57 10 33
22 15 27
93 77 63
40 75 10
43 15 90
41 95 73
67 97 0
61 2 38
37 90 75
83 57 17
86 2 4
87 35 52
44 47 95
88 6 1
28 96 33
81 60 21
36 26 23
66 9 56
4 25 59
77 21 98
65 21 53
80 36 12
27 29 13
47 9 2
93 87 27
23 48 20
18 71 45
94 20 39
23 13 81
81 34 95
2 60 25
77 78 95
34 76 26
91 12 45
28 72 17
83 87 94
55 95 34
19 55 0
66 6 19
87 4 80
52 53 65
37 34 37
28 99 24
65 58 43
98 51 19
40 76 77
49 93 64
27 89 96
88 52 81
93 56 60
13 58 85
35 61 99
17 14 24
24 93 60
47 80 68
1 64 84
41 23 20
76 55 27
100 80 40
86 77 35
55 8 59
17 21 79
55 60 37
77 68 92
83 41 98
17 80 20
1 17 75
49 18 24
7 71 82
32 34 16
64 9 14
22 90 29
87 2 67
25 51 35
93 90 1
92 56 93
33 53 28
77 14 20
61 29 29
5 6 34
75 41 58
1 56 0
39 56 67
42 30 13
35 31 12
76 61 15
73 39 22
76 42 95
71 20 63
92 55 18
95 57 77
19 48 12
74 61 79
71 42 15
32 38 65
88 96 23
62 60 59
66 83 80
9 59 94
93 70 98
22 74 94
81 10 66
2 23 20
18 44 68
98 70 84
12 15 27
57 90 5
89 11 72
43 51 76
37 21 51
61 33 79
53 48 15
8 91 61
29 76 66
2 21 94
12 83 29
93 66 70
68 18 97
67 91 39
3 71 25
84 36 66
6 67 56
75 32 39
36 72 15
5 85 2
30 46 4
15 84 79
58 47 90
38 93 98
60 79 76
2 76 33
10 40 94
89 91 11
18 54 8
12 20 81
14 73 40
79 68 32
76 62 82
89 63 30
81 52 47
70 50 4
91 94 34
71 33 77
34 27 78
40 85 71
86 4 39
100 16 78
32 15 76
34 70 76
75 87 88
48 49 94
57 85 39
88 77 61
99 72 84
33 25 79
11 63 98
71 66 18
31 2 19
27 49 5
92 4 75
41 34 37
39 62 98
68 27 24
6 17 63
66 77 0
35 60 9
93 81 63
9 41 17
13 42 93
92 8 27
61 43 72
21 44 94
30 28 36
44 54 52
10 99 8
75 79 71
26 27 11
69 9 86
96 38 54
24 3 57
60 97 78
45 15 36
55 86 10
2 98 69
88 70 56
77 41 23
4 19 59
17 76 25
17 75 54
84 72 19
40 95 100
3 28 27
77 25 15
98 16 13
97 15 6
23 7 15
91 87 79
91 45 74
50 60 6
92 7 56
82 68 65
49 75 43
93 86 24
92 37 34
12 74 2
95 73 8
48 18 8
48 6 57
53 13 43
11 75 2
92 81 13
80 98 33
65 11 21
24 78 1
54 45 0
33 50 61
39 4 92
3 47 45
11 48 40
10 26 28
90 99 56
14 97 3
28 1 97
70 95 7
52 1 32
62 96 48
39 51 48
92 2 41
8 23 74
18 4 13
22 1 90
37 81 23
63 64 3
22 55 2
44 89 69
74 39 95
42 94 96
90 52 97
16 94 51
24 40 3
57 52 94
49 23 8
92 29 69
53 2 4
8 67 35
77 60 0
67 49 40
10 6 36
59 61 65
46 93 52
92 18 88
81 65 49
75 72 22
10 35 99
48 22 26
56 71 29
18 20 17
99 85 91
22 98 14
48 38 26
36 43 30
73 51 88
84 45 13
96 45 53
82 49 0
14 30 98
8 37 37
30 100 52
3 72 37
34 18 80
82 7 99
19 18 87
38 68 5
83 40 7
25 66 7
63 8 39
59 92 45
67 62 88
79 2 77
75 98 10
38 90 8
45 6 11
37 94 81
29 12 17
41 86 14
64 73 26
89 18 30
14 11 14
86 83 51
72 5 78
96 40 33
83 89 49
57 44 94
48 4 12
88 7 53
97 27 98
11 13 61
63 68 71
4 95 30
12 11 59
24 54 11
4 56 63
39 97 84
85 47 5
68 55 55
14 80 49
50 7 29
65 29 99
39 63 82
39 33 40
82 44 49
2 12 67
18 24 21
44 1 79
39 13 20
68 52 90
15 93 12
47 83 32
88 43 83
75 23 66
62 81 44
1 11 49
27 96 88
94 31 46
32 35 88
13 94 62
90 47 89
2 95 59
30 51 33
90 29 43
30 41 54
76 32 97
85 51 40
35 57 89
39 30 10
67 18 41
44 50 40
28 50 82
32 40 35
49 11 4
18 14 80
86 75 44
53 51 83
54 68 62
99 5 45
98 33 84
1 88 68
63 24 38
92 67 32
42 64 69
2 26 8
72 34 16
83 100 86
97 95 52
3 54 59
38 8 19
50 43 75
44 31 42
53 19 12
71 49 89
20 34 49
22 88 63
50 94 68
15 68 58
80 33 6
71 94 24
18 5 62
11 7 36
86 26 93
52 93 11
63 92 46
21 71 76
60 39 26
17 85 91
81 7 84
62 95 0
79 38 100
85 3 53
78 47 82
21 90 39
22 66 29
48 37 55
6 4 59
68 5 14
63 17 39
61 34 40
31 5 87
54 98 3
2 19 76
68 96 8
19 8 57
47 19 7
43 59 37
89 52 84
9 54 77
37 63 91
81 23 81
85 95 60
26 47 34
87 15 29
96 20 54
78 33 11
73 72 85
62 11 91
64 34 19
9 86 2
29 20 41
74 29 72
76 82 41
31 83 24
77 19 51
72 64 52
62 77 21
94 8 48
84 48 86
17 72 35
12 45 43
18 39 91
33 86 81
76 45 26
91 7 20
81 74 68
74 27 12
99 24 53
3 2 87
30 8 25
52 91 52
98 36 91
39 50 57
85 20 20
9 97 74
59 52 38
31 54 48
97 93 39
69 76 70
3 95 26
59 26 89
18 57 82
94 49 9
79 100 77
69 41 76
33 4 100
91 16 13
64 75 10
60 87 78
49 50 50
29 34 14
25 69 43
73 59 48
45 86 87
96 29 34
73 50 83
10 42 94
49 19 18
22 57 27
75 53 63
17 79 60
24 27 46
89 25 74
81 72 10
21 76 19
24 95 82
61 56 13
28 36 37
6 95 68
21 18 46
33 48 57
41 22 73
83 70 98
71 34 40
1 30 59
87 85 39
79 50 64
40 72 31
12 9 13
47 52 64
97 12 19
30 29 84
77 18 56
26 63 81
32 16 22
68 66 96
97 73 91
73 85 25
48 62 42
64 99 34
83 2 37
75 13 49
43 27 77
5 46 18
97 75 31
46 82 26
92 80 38
71 1 35
71 57 33
94 70 17
37 35 99
35 33 32
19 71 22
27 6 47
6 51 67
97 1 4
17 81 28
40 47 14
13 84 85
1 83 48
5 39 24
65 53 47
17 16 87
47 71 39
59 41 76
64 96 100
93 57 5
77 46 63
89 19 16
44 92 91
25 37 81
47 55 82
83 64 32
54 11 42
34 97 40
89 79 42
97 85 79
5 52 46
95 64 40
11 99 47
33 43 13
86 38 44
86 73 46
89 77 40
89 45 16
10 92 37
86 49 18
55 58 12
55 65 89
79 85 76
75 94 43
89 72 81
79 54 79
27 67 15
29 8 64
2 57 35
42 55 54
64 43 2
45 62 18
60 94 51
20 98 53
18 25 100
68 30 24
89 75 68
5 21 37
17 51 57
50 6 42
37 32 17
72 37 50
54 89 52
27 23 70
95 82 17
77 43 48
29 99 29
54 75 6
21 30 89
94 93 86
20 50 49
21 43 1
60 9 80
88 76 58
15 20 76
45 28 100
19 80 75
85 36 33
37 76 28
92 13 28
40 17 92
85 63 37
14 34 56
94 87 81
91 54 88
36 66 55
94 90 0
42 7 34
41 7 63
35 50 69
76 23 52
56 81 64
41 51 26
50 54 2
58 26 98
3 68 76
28 88 94
82 18 17
1 72 60
11 92 58
46 80 9
7 61 78
69 42 51
64 50 72
71 24 16
56 33 57
94 40 50
36 39 57
24 8 30
63 60 8
34 96 53
49 42 5
6 7 40
59 84 87
3 48 6
85 45 58
91 68 19
52 34 33
58 1 28
57 54 74
42 68 68
90 4 4
68 26 86
77 33 57
100 68 73
24 96 82
70 16 40
85 2 76
5 70 54
31 79 12
78 23 56
9 51 98
15 89 9
54 95 46
26 94 15
8 65 56
72 83 31
6 53 14
72 98 29
67 46 62
87 27 54
42 79 52
84 11 41
52 17 93
55 39 53
44 80 68
88 54 44
58 10 62
3 49 98
100 9 27
100 10 88
15 37 35
45 17 79
37 84 32
85 92 85
70 23 4
41 2 53
66 11 50
89 99 39
65 51 58
17 55 6
36 44 53
79 87 39
88 62 61
85 89 49
70 35 5
73 99 48
13 45 72
32 89 52
40 52 17
78 14 75
52 87 30
86 64 2
31 68 81
23 28 39
59 16 69
15 54 24
43 85 90
100 59 9
33 84 2
75 30 84
7 29 34
13 35 88
100 46 45
87 29 82
7 55 9
33 19 17
65 99 95
7 19 30
74 34 17
50 34 10
74 48 62
3 34 16
48 45 92
35 42 91
90 9 38
85 90 82
50 69 5
69 37 9
90 81 68
18 59 14
11 59 2
99 17 45
39 81 7
57 81 27
32 73 27
77 16 9
65 76 63
3 66 74
44 71 30
14 85 73
84 1 52
82 25 86
10 74 31
29 28 74
54 20 78
74 54 55
75 66 39
58 17 86
66 95 41
40 92 97
91 22 12
72 10 67
92 50 34
68 24 77
78 22 24
87 57 95
6 94 74
95 37 99
20 74 32
62 65 46
96 39 100
36 31 40
15 52 33
80 8 33
27 94 15
19 61 1
65 28 86
48 89 39
89 13 69
1 89 12
32 28 2
97 55 31
69 46 1
38 89 85
15 2 5
58 63 20
69 27 49
92 34 69
88 98 49
26 87 2
89 84 65
53 67 57
25 39 54
52 42 91
13 34 79
99 8 81
96 36 30
49 30 53
95 83 21
49 95 76
26 64 64
17 26 30
10 88 64
76 47 87
79 47 85
16 86 73
69 34 92
54 13 75
25 24 48
74 18 82
33 9 40
89 33 30
27 42 88
4 94 15
89 51 54
95 7 13
93 50 27
48 79 68
74 60 35
95 81 54
34 25 37
7 80 83
68 11 6
85 88 33
86 13 88
36 57 0
71 14 49
29 70 7
18 31 32
59 82 38
18 43 44
55 35 68
89 34 29
86 40 4
80 11 77
12 41 76
4 29 3
22 34 1
85 50 96
1 92 81
55 66 23
83 78 27
56 38 5
17 47 74
13 62 70
24 55 90
27 47 63
9 75 80
67 37 52
60 38 92
88 8 25
33 99 15
91 38 58
3 33 44
20 52 61
30 5 22
15 67 98
93 85 58
40 73 71
13 48 85
53 10 76
48 76 55
9 84 83
72 95 58
65 77 76
9 11 72
60 6 92
12 55 58
68 36 4
71 95 45
58 31 90
65 91 62
54 93 79
72 60 36
80 39 95
32 55 79
67 12 55
37 93 0
68 33 57
40 12 23
26 20 83
26 20 83
33 21 49
78 69 9
24 62 15
100 38 94
12 84 91
19 91 68
19 51 98
17 15 86
48 27 1
44 41 31
44 59 82
28 69 24
77 73 13
49 77 31
91 83 2
11 2 61
92 41 9
6 87 64
74 52 30
48 77 96
16 51 8
47 46 44
48 56 10
41 81 99
11 50 13
25 78 5
12 85 3
45 10 48
57 40 63
16 12 61
28 14 28
60 96 80
56 59 44
15 3 27
94 52 27
30 80 95
22 47 18
2 20 97
81 43 78
81 16 62
54 84 45
54 84 45
58 83 81
80 40 31
35 93 52
36 20 90
92 43 32
86 67 66
2 40 55
70 53 43
64 17 96
82 87 80
14 70 47
14 76 35
44 27 85
97 33 92
80 51 93
13 77 93
25 49 55
14 13 60
26 60 59
86 81 76
64 74 14
77 57 28
45 26 1
71 40 34
31 70 7
10 52 89
74 32 71
1 57 8
56 72 71
34 44 1
5 27 22
31 14 79
4 37 32
70 10 70
29 41 40
43 86 0
84 83 77
94 39 97
64 28 19
33 49 59
21 36 8
8 86 89
31 8 45
91 6 11
13 41 55
68 89 25
76 72 77
12 94 70
91 9 21
91 9 21
89 71 6
82 67 54
27 75 51
25 17 8
27 45 16
41 27 70
21 72 22
88 33 84
73 65 85
55 56 30
12 77 69
20 46 61
25 5 41
68 51 60
77 97 12
59 72 61
