5
50
38 20 42 42 14 36 17 36 31 39 12 40 50 29 20 25 46 49 26 50 5 38 31 25 17 19 29 44 17 18 20 32 3 5 46 28 40 2 49 
21 30 47 24 7 39 19 43 21 43 38 33 43 42 42 35 39 34 43 35 38 4 
4 20 26 23 36 
1 26 
20 50 6 6 45 25 5 48 37 13 14 36 45 46 50 33 22 4 44 41 40 
32 25 28 15 47 49 11 5 1 9 24 30 10 6 16 12 5 7 46 47 25 30 43 23 34 9 28 24 28 49 17 37 36 
36 49 13 26 47 32 22 24 17 27 29 49 31 47 38 36 3 35 4 35 31 25 42 20 6 33 37 38 18 7 33 22 33 14 21 13 21 
4 48 2 35 40 
29 39 40 44 48 50 31 36 26 7 2 19 24 1 44 2 2 17 44 41 38 31 30 32 38 3 29 17 15 32 
17 21 45 4 21 1 32 6 41 9 49 38 42 40 11 50 44 29 
48 40 50 21 47 24 41 5 49 44 41 17 13 47 22 4 34 1 4 3 23 36 5 31 45 50 9 12 36 31 46 47 34 34 1 42 31 8 2 33 37 35 9 39 9 6 13 40 31 
35 9 21 49 1 15 45 46 45 30 19 41 32 27 8 8 18 7 24 34 28 14 9 6 17 7 12 14 6 22 50 21 27 45 15 4 
28 30 29 3 4 22 31 41 31 27 5 37 47 30 35 39 9 7 11 39 33 15 18 34 21 27 43 34 12 
9 7 26 1 37 3 29 42 3 46 
49 47 18 49 4 20 13 35 29 42 49 1 15 47 22 24 12 2 43 47 45 15 28 49 35 26 13 6 41 28 20 33 30 36 11 50 42 6 14 39 33 44 39 44 6 34 2 21 21 44 
19 32 17 44 23 49 25 23 47 26 22 38 27 22 35 45 48 4 25 47 
40 38 49 21 25 31 46 29 34 37 48 28 23 1 2 50 35 6 13 14 6 10 25 22 3 22 16 14 20 2 48 35 32 16 36 1 5 41 28 12 29 
48 11 18 41 48 8 27 30 47 29 49 36 46 10 44 26 49 49 6 3 18 48 8 22 20 8 15 33 42 23 2 31 39 29 43 1 28 17 19 39 43 22 41 12 16 6 39 33 25 
41 3 48 37 23 17 2 31 6 46 39 48 38 33 4 6 50 13 35 32 1 45 13 26 10 27 31 22 45 7 42 3 14 22 41 42 15 37 13 47 4 47 
44 39 49 14 38 39 20 32 31 34 5 37 23 9 3 3 8 26 46 31 36 13 26 36 13 14 1 35 1 18 46 24 17 50 21 39 19 27 20 46 30 49 48 47 30 
6 1 7 31 28 22 36 
30 8 47 27 11 30 15 40 45 4 26 17 49 14 38 48 17 6 25 11 46 17 9 2 11 21 20 27 16 46 47 
17 17 24 13 31 1 39 37 3 24 17 8 43 4 36 5 35 47 
11 25 36 12 47 17 35 14 41 26 29 49 
48 10 31 21 34 27 1 10 8 1 12 13 12 26 13 23 6 5 16 44 50 48 25 14 5 30 37 28 49 43 15 30 33 21 14 42 16 15 2 20 23 13 4 18 41 22 22 38 23 
45 40 48 31 35 6 45 44 14 14 47 30 2 37 16 12 4 23 2 31 25 6 40 16 16 46 43 42 19 3 26 20 39 42 26 22 14 6 42 48 23 1 47 25 17 7 
15 33 2 28 21 16 30 6 39 12 19 22 41 13 50 25 
42 3 14 3 27 39 23 22 3 5 28 13 6 10 39 43 12 36 40 49 10 43 39 5 23 48 49 32 14 30 48 40 34 1 12 25 17 21 22 50 36 44 44 
35 48 38 17 22 35 18 2 49 12 6 29 49 7 35 46 21 7 17 35 17 22 40 5 1 40 11 30 5 40 16 16 42 12 11 28 
41 47 50 37 28 14 43 22 4 31 8 9 3 26 34 37 18 29 35 18 31 40 5 21 17 23 45 41 18 48 14 49 41 19 46 23 15 27 15 30 42 12 
40 18 48 36 6 1 4 32 3 12 35 24 46 38 20 42 25 33 47 20 17 26 18 36 2 32 24 26 43 12 20 33 46 15 27 48 33 42 13 27 37 
39 16 43 14 4 31 22 14 12 5 1 17 40 22 50 40 11 34 23 45 2 31 14 49 40 12 21 38 50 33 8 15 42 11 3 43 8 41 41 12 
29 28 4 24 11 47 48 40 11 50 12 39 34 23 19 39 40 14 32 32 42 18 4 37 49 10 17 7 22 30 
11 28 12 18 20 42 26 35 23 35 18 31 
6 14 36 16 36 29 34 
44 15 19 39 1 15 9 18 6 12 39 46 37 23 12 1 35 8 6 48 3 3 26 9 43 18 19 13 14 27 23 13 22 17 4 36 25 48 10 17 42 49 39 31 48 
7 23 29 43 2 25 45 26 
25 36 33 3 31 17 44 13 7 12 15 37 49 48 16 38 38 32 47 42 23 20 18 19 50 8 
50 50 41 35 9 27 40 21 2 29 38 27 30 1 25 17 22 19 13 16 35 9 48 50 37 46 6 4 43 36 38 7 41 26 4 31 8 13 43 18 8 9 42 42 1 18 29 9 31 36 25 
18 27 8 31 40 41 29 31 28 44 23 16 44 26 29 41 3 29 50 
27 44 27 24 44 6 44 50 36 48 36 8 32 47 12 38 2 39 44 15 4 25 43 33 43 48 3 9 
28 35 1 41 18 14 11 39 26 2 8 42 46 1 34 33 36 30 47 44 5 31 19 37 36 29 2 15 42 
34 31 15 1 5 36 15 36 24 26 18 38 38 27 1 33 49 11 49 50 45 14 33 14 16 18 2 16 41 24 14 4 28 33 16 
16 34 46 9 25 28 34 25 45 50 34 32 43 23 25 48 23 
19 43 7 17 13 2 23 18 14 9 34 46 7 18 20 41 22 6 25 3 
47 46 13 24 2 15 29 13 16 33 5 7 24 29 44 20 9 22 7 23 41 49 49 37 27 48 22 20 24 22 8 46 21 39 4 32 39 30 39 27 42 14 50 34 23 25 31 40 
14 48 13 23 4 27 41 5 3 18 39 6 24 37 15 
17 39 24 10 33 43 22 28 2 41 47 42 25 43 34 47 39 28 
21 24 16 8 3 47 49 35 29 18 5 5 39 28 20 49 45 22 2 37 16 17 
50
34 47 41 26 48 4 12 22 16 19 18 37 9 1 7 21 41 20 10 6 43 28 33 39 11 13 44 50 20 2 25 34 8 45 23 
45 2 50 34 36 21 43 30 35 37 49 16 34 40 43 26 47 11 26 48 5 19 46 17 11 28 11 21 20 46 45 32 26 38 13 7 5 49 27 21 9 24 33 28 33 7 
3 14 46 46 
1 50 
41 13 42 42 48 40 46 16 27 13 7 19 47 43 48 3 21 43 8 34 49 49 50 24 20 40 42 35 41 22 39 46 49 5 37 44 8 20 36 29 41 31 
44 7 46 12 37 7 47 48 19 5 12 17 16 18 28 36 49 39 4 5 36 34 38 23 48 29 16 11 33 46 10 4 25 42 36 7 2 48 17 1 18 16 37 21 24 
33 37 46 1 8 49 10 21 30 39 28 37 37 34 37 31 2 20 4 9 13 3 22 48 26 41 20 12 5 20 27 36 11 22 
15 50 33 40 49 16 34 26 41 43 33 7 40 30 31 22 
7 27 29 3 28 5 20 24 
3 27 45 2 
49 21 36 19 32 12 8 39 39 45 13 8 26 46 38 46 12 32 36 23 33 23 24 40 29 10 42 5 8 38 19 44 19 23 4 14 8 19 14 50 44 41 36 3 47 33 17 7 18 45 
14 50 17 19 5 15 9 27 39 27 46 18 37 4 26 
47 29 19 23 50 47 24 4 23 4 7 42 34 3 41 15 50 10 15 24 25 12 37 23 2 48 35 46 43 4 9 2 27 45 9 14 2 35 26 36 7 15 20 6 45 38 43 35 
10 42 37 48 39 20 4 44 36 13 32 
5 29 26 39 12 36 
42 25 3 17 17 9 18 4 23 29 3 47 19 27 45 36 33 11 32 35 31 27 28 22 48 6 34 14 24 40 37 12 12 24 38 18 43 28 1 8 26 11 14 
12 20 36 2 34 3 17 15 25 22 14 26 45 
5 15 35 39 5 48 
46 29 4 11 16 46 12 18 44 41 42 45 45 3 20 6 11 33 1 13 2 41 9 7 17 35 50 22 28 7 43 3 15 35 5 37 38 27 47 35 50 15 38 26 19 3 2 
21 25 19 20 2 5 1 3 30 41 31 44 9 40 21 11 6 32 2 3 42 31 
4 2 47 21 3 
30 26 11 32 32 45 40 27 16 43 47 43 20 20 17 31 7 25 44 14 43 36 1 16 37 33 10 30 28 7 32 
4 35 18 17 35 
42 17 13 2 37 44 39 9 7 33 39 11 22 9 28 28 33 34 10 23 8 36 3 31 32 16 45 23 10 33 14 45 48 14 16 18 9 49 1 15 37 42 12 
5 26 32 39 29 20 
48 31 41 34 25 17 40 1 11 45 12 48 36 7 27 35 44 21 30 32 11 48 15 5 12 8 6 27 38 34 48 35 38 41 32 1 19 29 34 16 35 10 29 49 32 6 50 25 31 
29 50 48 5 23 3 33 10 33 39 39 32 31 34 12 2 11 23 8 19 35 31 29 10 39 18 5 5 35 31 
4 11 34 32 11 
34 4 18 44 30 18 34 12 43 21 7 16 45 6 2 10 49 47 33 45 3 17 35 5 6 40 2 28 25 39 27 11 27 18 29 
32 15 24 44 21 27 22 29 49 25 48 45 7 32 11 13 13 20 37 18 29 27 7 43 27 21 44 33 42 41 33 36 15 
39 14 6 43 20 16 42 42 12 2 4 48 13 48 38 20 6 16 11 48 28 3 41 27 23 41 35 32 7 39 10 44 45 29 15 22 48 1 35 2 
45 4 24 32 7 42 3 3 18 16 12 10 40 2 6 10 24 30 8 25 17 25 31 2 41 42 4 40 25 43 38 30 46 40 28 47 23 42 12 45 24 24 7 12 3 28 
46 25 48 16 8 32 1 3 9 45 19 25 46 8 20 29 2 32 45 9 22 30 35 5 13 16 40 20 27 33 13 31 11 16 6 3 13 12 31 13 16 46 38 26 49 8 11 
33 24 2 36 33 6 2 5 2 3 34 43 7 24 19 5 29 11 43 41 16 15 1 10 39 31 40 32 10 1 10 27 18 35 
25 30 28 12 10 15 8 49 15 16 5 50 16 4 46 31 2 43 30 23 44 41 24 5 19 33 
13 33 34 33 9 49 32 43 22 38 12 23 22 15 
8 45 27 21 18 34 48 7 21 
50 35 42 43 14 18 27 28 34 11 45 50 5 48 4 8 50 22 16 12 20 48 6 7 30 37 45 50 24 6 11 2 46 32 22 5 36 10 49 4 19 31 8 11 40 48 29 28 31 20 27 
48 39 6 36 21 2 33 27 38 3 2 28 44 12 3 27 49 16 38 30 35 21 41 42 44 31 35 1 6 18 29 2 38 15 50 7 4 4 5 33 2 31 36 15 13 10 6 47 40 
45 7 27 35 2 19 21 16 44 10 49 42 35 2 13 7 15 47 22 47 32 28 11 47 42 30 25 19 35 1 15 24 2 35 38 19 29 13 26 22 39 48 4 39 47 4 
21 45 44 17 9 28 27 25 30 2 17 7 28 38 9 41 22 19 18 26 10 2 
26 44 14 4 44 12 43 6 32 22 21 24 22 12 23 28 47 11 45 5 2 22 19 9 14 21 29 
12 3 39 31 32 4 15 29 17 46 25 20 22 
30 9 41 28 25 2 27 25 43 41 12 28 36 12 8 13 34 11 37 41 7 41 36 26 34 20 36 44 48 25 26 
1 39 
31 14 29 40 40 4 39 36 30 37 48 17 20 39 42 39 18 1 32 29 32 2 39 41 8 28 26 32 45 39 30 37 
23 5 45 22 16 24 3 38 48 36 41 17 47 10 25 20 23 33 23 12 13 44 18 48 
25 2 4 17 26 33 8 41 7 4 3 33 34 24 25 45 22 6 4 15 22 29 46 29 50 5 
6 6 5 35 37 24 34 
50
44 6 37 2 9 19 33 1 23 44 37 14 39 38 23 48 42 7 50 28 47 45 9 6 5 41 7 21 38 11 45 26 48 22 11 41 21 25 46 44 8 12 8 29 30 
42 40 15 35 43 35 48 31 40 6 7 41 7 35 25 14 21 3 21 1 5 46 17 21 14 46 49 45 38 32 8 45 48 28 36 3 24 20 21 39 30 25 9 
16 31 15 15 20 44 43 50 5 46 1 5 31 46 34 8 7 
4 2 22 6 3 
17 49 24 9 14 39 16 28 38 17 43 25 12 29 2 18 18 35 
5 14 24 24 9 1 
33 45 25 36 7 37 7 27 32 46 6 42 21 21 7 11 43 14 18 39 4 46 47 36 43 23 41 8 39 34 29 32 6 46 
14 12 7 11 19 28 33 43 46 12 43 32 14 27 27 
6 7 9 41 31 50 11 
50 44 39 4 25 28 5 13 24 39 12 45 16 26 3 31 13 48 42 7 38 6 19 48 6 46 37 28 43 23 25 14 25 32 49 36 41 44 20 13 15 9 31 38 7 21 42 29 30 25 3 
9 9 14 10 41 5 48 6 31 31 
45 1 29 47 39 7 32 27 7 44 20 32 3 1 44 10 47 45 44 34 27 49 20 29 41 38 17 11 29 35 3 27 28 45 30 28 3 34 31 32 29 27 45 44 41 25 
36 34 32 10 8 21 31 42 35 20 49 10 28 2 44 20 8 5 8 2 3 34 30 35 1 25 41 1 13 25 44 35 50 22 18 25 48 
11 46 18 27 42 46 50 30 13 37 34 33 
2 22 29 
1 36 
29 22 2 25 8 17 31 36 5 44 1 36 38 48 35 19 33 18 6 15 10 15 38 3 27 9 1 40 18 11 
24 31 5 31 25 13 44 16 6 38 20 4 31 29 24 8 20 49 30 29 11 3 8 45 26 
35 20 12 9 48 4 37 46 20 30 8 11 5 49 45 3 3 44 7 50 32 25 3 4 5 44 41 32 20 45 14 1 43 8 20 15 
16 7 9 13 34 7 40 44 45 27 44 22 34 3 39 29 5 
25 42 32 3 47 40 35 23 21 15 41 19 17 43 27 4 4 48 37 32 37 4 26 28 41 18 
27 19 23 34 20 16 35 50 3 8 8 23 10 9 48 32 33 23 27 49 28 21 42 47 49 31 19 23 
5 14 33 24 36 15 
12 38 31 38 48 40 38 16 33 42 35 42 7 
5 8 28 34 35 25 
49 34 35 1 40 24 27 48 25 13 26 39 6 50 42 41 22 36 48 12 48 26 8 49 30 45 9 47 17 43 45 45 34 43 31 45 49 7 33 10 37 38 49 22 17 2 17 14 15 43 
44 41 28 43 49 3 11 12 16 12 10 49 19 6 2 1 47 8 4 6 29 39 36 33 7 9 4 18 18 31 11 1 36 13 3 28 41 25 42 9 22 23 38 8 39 
29 34 38 24 18 21 9 36 30 44 29 13 33 28 13 19 20 41 32 14 11 20 41 42 24 49 10 27 41 27 
19 24 4 3 9 39 9 24 33 29 46 13 50 40 47 31 18 40 50 8 
32 39 32 44 35 45 33 38 38 7 9 27 12 15 10 18 40 13 41 45 9 12 50 18 46 37 26 33 31 42 19 44 6 
8 2 50 11 22 11 16 27 48 
29 31 29 37 18 32 8 17 38 1 40 1 26 15 47 12 46 38 35 37 42 20 12 29 42 16 32 7 3 46 
41 17 29 11 16 48 37 6 14 43 20 5 8 8 41 11 8 18 29 16 8 7 25 23 24 44 31 3 35 12 42 4 37 25 1 41 32 13 44 47 5 15 
5 11 29 1 17 35 
39 35 9 45 6 29 15 41 40 27 46 38 5 4 30 9 37 28 39 2 3 1 28 32 8 39 20 25 12 43 12 27 36 46 19 36 20 49 37 49 
49 34 32 10 42 46 29 22 48 13 26 16 39 2 12 41 1 13 28 10 50 18 13 21 40 35 37 8 14 8 39 29 39 20 27 49 45 27 37 47 8 6 43 7 14 6 33 24 12 18 
39 44 35 34 37 40 45 42 48 37 22 15 47 50 19 46 50 3 4 18 18 17 9 14 39 8 33 47 39 24 47 33 6 8 15 39 28 48 21 30 
39 32 28 34 4 49 42 35 48 50 13 42 14 21 46 8 35 24 2 20 25 7 22 36 31 40 13 15 10 45 23 42 46 6 13 36 6 45 40 3 
38 5 9 34 28 11 43 8 32 28 17 33 7 45 20 45 23 18 7 30 27 38 43 40 4 19 41 18 13 22 7 21 46 9 23 15 1 41 40 
8 18 45 20 11 19 47 44 35 
33 12 7 27 20 45 32 36 8 27 3 40 24 50 45 19 24 20 39 35 37 14 36 11 38 40 10 23 47 50 42 15 2 31 
16 35 39 4 2 29 14 2 25 25 25 25 35 44 30 24 12 
30 26 23 8 24 33 43 8 18 36 43 29 44 35 28 50 7 27 6 3 25 29 50 36 3 46 8 2 41 9 45 
27 11 41 19 12 26 5 9 43 36 43 32 21 19 7 3 6 24 7 32 27 11 30 35 49 18 6 11 
9 19 30 37 43 26 12 33 18 27 
20 16 8 44 17 2 37 35 7 47 1 3 45 42 45 30 27 24 31 10 31 
36 19 24 26 50 5 11 41 9 2 27 1 6 7 38 12 46 12 28 31 36 50 22 46 38 25 9 29 23 7 37 16 46 2 36 2 31 
36 42 37 47 50 27 29 41 44 11 38 46 1 19 40 17 38 32 40 43 33 50 50 38 26 16 10 11 11 15 7 50 8 30 6 7 7 
30 27 27 16 32 2 28 30 13 47 21 31 23 23 33 19 41 47 44 12 30 40 11 16 30 42 47 9 34 15 3 
50
6 44 7 36 13 30 10 
11 43 38 44 2 15 27 11 35 11 33 9 
6 21 23 32 40 18 45 
12 42 22 3 3 3 25 8 18 9 14 49 13 
18 1 24 15 24 49 37 20 49 28 17 31 10 32 18 45 11 24 6 
50 49 47 12 8 8 32 26 45 1 4 24 37 36 13 23 26 30 15 8 29 31 16 31 41 2 19 34 15 40 5 29 29 21 27 26 6 31 29 21 36 20 7 50 29 15 14 44 33 46 30 
14 7 28 3 44 5 18 12 23 37 23 32 21 16 15 
22 20 23 28 4 49 32 11 11 12 10 1 25 43 40 47 14 8 12 19 44 6 30 
20 9 21 45 20 9 13 8 18 23 17 17 29 47 5 45 11 36 10 18 35 
41 44 26 3 7 14 40 29 18 1 21 2 5 45 46 22 14 45 19 3 45 38 19 46 40 42 37 18 26 29 43 28 10 3 32 7 4 47 31 26 36 7 
50 5 21 15 13 42 32 5 9 24 40 50 23 43 34 21 29 10 6 46 16 15 11 5 4 39 48 47 7 22 50 26 13 6 41 19 15 18 17 5 1 25 24 20 37 46 40 19 3 25 22 
14 47 14 33 37 43 38 50 5 27 31 18 23 25 22 
42 20 19 43 11 20 28 6 42 41 12 22 7 35 20 18 4 17 9 37 48 28 42 20 48 21 23 47 16 33 45 46 35 42 38 32 19 25 19 24 18 33 43 
29 14 28 7 39 40 31 36 16 11 47 4 7 23 43 14 13 16 15 29 19 31 7 4 6 18 22 1 37 11 
26 15 5 23 11 49 47 33 27 10 6 3 7 17 45 5 15 32 16 25 40 43 39 42 7 50 44 
23 26 33 40 19 40 39 44 32 45 26 4 50 28 13 34 36 41 37 28 37 24 15 46 
48 37 4 13 49 21 7 3 10 41 27 26 20 14 1 4 32 42 32 44 12 10 25 49 13 28 27 26 11 46 46 47 31 40 18 25 24 46 32 6 6 45 27 18 36 8 41 18 34 
8 41 8 3 38 29 20 27 3 
4 41 46 39 43 
15 43 35 16 4 23 9 13 19 29 6 32 47 47 15 14 
28 6 11 8 18 47 30 4 31 44 17 33 31 48 41 2 31 42 11 21 5 48 40 26 40 24 1 31 48 
40 23 15 15 5 4 49 41 22 25 48 17 36 14 16 26 17 12 46 28 49 9 10 32 38 45 6 32 26 48 4 12 23 45 8 28 15 40 36 14 44 
41 50 19 43 27 13 31 35 10 4 32 8 12 42 50 24 30 31 44 22 36 2 15 15 46 9 2 31 10 16 3 8 38 17 23 32 29 34 50 47 33 45 
7 50 48 19 25 29 23 26 
10 19 33 39 18 46 19 19 39 42 27 
27 7 34 16 30 32 44 2 21 47 17 29 16 2 9 38 16 10 38 18 25 36 46 23 17 16 47 7 
20 3 19 28 2 44 9 3 6 41 26 10 14 48 2 22 9 50 48 10 44 
8 3 18 11 43 22 45 11 47 
27 45 10 17 47 6 17 41 11 44 13 8 24 4 25 50 30 45 17 27 33 13 27 2 36 46 18 10 
9 21 32 35 1 31 29 3 34 41 
46 32 17 7 35 32 34 11 45 12 49 18 22 17 46 29 43 46 43 26 12 37 41 32 26 8 6 39 5 31 11 20 12 16 14 4 12 32 12 42 10 38 27 16 32 6 9 
40 31 3 46 35 45 4 4 22 31 33 24 40 31 39 16 12 11 26 3 32 37 47 16 38 6 22 36 2 15 23 30 25 38 44 34 19 37 14 8 32 
42 27 42 24 18 42 39 35 41 19 12 8 22 4 49 30 4 45 17 14 27 39 1 48 22 46 12 26 20 2 45 23 10 15 13 49 3 24 8 11 50 3 22 
31 18 17 19 6 36 28 24 13 35 4 43 15 45 16 14 18 36 48 35 47 44 13 41 12 11 11 41 17 24 18 49 
42 20 9 18 26 33 34 36 40 48 31 1 30 37 13 27 6 19 28 28 44 31 38 33 10 37 19 17 45 37 32 41 47 38 4 39 37 49 9 43 3 41 28 
22 15 11 45 15 24 15 37 33 14 43 29 29 12 44 36 13 17 31 37 34 42 25 
44 37 35 15 32 7 25 6 14 2 21 36 5 37 17 29 37 13 38 33 31 49 11 5 35 38 37 7 6 3 41 50 10 6 45 30 50 41 20 41 7 39 15 27 25 
32 42 15 12 41 15 44 49 23 28 42 35 29 3 8 10 25 3 14 18 2 13 29 8 50 32 5 18 5 10 14 49 10 
47 29 10 6 35 42 48 15 31 40 40 26 19 15 4 3 46 22 3 21 13 20 5 7 6 2 17 4 37 41 31 15 30 37 38 34 1 17 49 48 18 8 27 24 6 36 20 43 
28 49 16 48 38 39 42 48 41 22 2 23 33 22 23 49 24 48 5 26 29 30 48 36 20 39 48 38 36 
6 16 11 7 29 44 16 
17 48 13 39 50 8 11 18 36 41 43 30 1 43 26 48 9 48 
29 8 7 7 8 40 7 13 20 21 43 30 48 22 34 34 9 40 5 39 34 32 7 33 36 5 11 20 24 14 
44 39 11 23 23 26 4 17 7 48 33 4 39 25 29 19 23 31 50 18 43 29 49 8 34 8 48 7 31 31 39 10 50 50 30 48 25 12 5 21 8 45 11 26 38 
6 10 1 14 10 4 34 
28 46 16 13 2 43 15 35 1 39 1 31 35 28 23 48 4 25 28 32 5 38 17 31 49 49 9 4 25 
17 7 44 14 46 16 11 48 35 31 7 17 16 17 45 34 40 12 
32 13 5 40 36 10 41 35 50 15 33 9 10 33 14 33 31 42 25 1 47 46 33 4 12 15 14 22 46 22 12 5 43 
40 4 46 36 32 34 46 23 41 46 3 24 32 39 8 31 5 30 21 29 35 20 2 34 42 9 7 36 22 13 11 25 16 18 28 6 36 42 9 7 24 
50
38 31 44 45 40 35 25 45 11 23 46 24 35 22 47 23 14 4 10 10 45 39 42 36 1 5 49 45 50 35 8 40 33 12 25 44 43 14 41 
32 11 6 33 45 21 7 48 10 27 3 16 48 36 42 45 21 22 5 44 29 49 19 37 6 38 31 43 36 33 11 45 8 
39 18 24 21 7 38 27 22 46 49 8 42 33 29 25 4 2 49 50 22 38 9 32 31 18 49 7 27 24 44 2 4 40 32 34 19 46 21 2 42 
36 4 36 44 10 9 10 45 12 33 41 43 30 35 40 50 41 1 46 11 38 39 38 4 37 2 27 42 10 45 47 11 46 9 42 27 27 
34 32 30 28 6 39 47 44 35 40 46 9 43 44 21 40 19 39 18 47 23 8 2 15 7 17 29 47 16 7 5 25 20 3 41 
34 32 12 32 11 50 6 27 11 18 14 50 11 7 11 1 18 23 43 35 42 21 16 27 34 24 21 38 4 6 13 50 12 2 44 
15 8 32 35 41 46 25 23 30 38 15 43 28 26 42 38 
15 23 47 17 16 44 31 40 7 43 29 23 1 25 42 29 
23 34 50 18 5 18 10 23 23 21 21 32 25 25 28 10 15 3 31 36 25 42 35 21 
46 19 2 8 6 30 14 17 48 45 7 44 30 36 12 33 8 16 40 29 11 35 29 31 39 35 31 1 21 43 41 1 5 8 14 40 45 33 35 28 43 11 28 43 40 45 31 
23 46 31 43 1 13 33 46 3 43 35 25 17 12 32 27 10 5 29 44 5 24 42 30 
4 2 15 8 1 
12 17 23 18 36 46 11 10 25 38 37 16 9 
15 11 10 18 36 39 47 12 33 50 39 40 10 1 26 20 
6 23 5 18 35 12 18 
7 39 12 2 45 38 31 23 
15 11 25 33 5 20 7 23 29 39 12 47 41 18 21 27 
35 30 46 17 25 25 41 27 14 2 27 14 26 16 1 33 13 35 46 12 4 36 48 40 37 19 17 11 29 24 43 8 10 22 30 29 
25 37 2 39 35 46 26 1 35 1 10 15 11 41 36 10 23 36 18 29 17 1 19 20 45 34 
4 8 45 22 41 
8 8 17 31 18 36 17 49 46 
48 33 37 2 36 46 28 6 17 50 8 13 18 40 43 22 29 28 30 43 1 1 14 13 3 33 17 31 40 38 21 36 34 32 24 21 5 19 11 24 35 38 49 34 45 4 1 36 27 
20 1 16 37 47 11 23 41 41 14 41 1 2 12 20 25 32 49 14 4 31 
32 2 41 1 40 16 45 6 34 9 22 40 29 1 25 47 33 6 5 48 8 16 15 28 12 15 40 24 38 12 23 44 31 
23 46 26 31 25 17 25 9 45 2 29 24 14 44 15 13 5 26 33 43 23 49 44 47 
45 46 38 29 2 31 8 32 38 35 35 24 35 13 39 19 13 10 50 6 45 7 20 37 7 14 45 7 36 11 11 50 10 49 17 46 43 15 50 14 14 26 48 21 46 19 
40 21 10 26 17 20 13 25 42 35 6 41 23 10 31 19 39 16 14 33 49 47 6 2 38 15 21 17 50 42 3 11 2 22 19 36 13 40 22 26 35 
4 14 16 32 42 
8 40 21 45 4 18 8 32 41 
16 33 48 34 41 26 30 50 39 32 5 11 22 18 44 43 15 
12 11 8 39 20 6 23 24 40 49 14 19 31 
33 49 16 23 1 47 49 1 12 40 7 31 28 17 23 46 37 39 39 11 3 36 45 16 37 48 6 47 20 29 49 27 17 37 
7 8 11 22 16 34 34 35 
9 43 22 24 26 21 37 2 46 1 
1 44 
50 15 46 3 10 46 37 20 22 35 30 16 27 29 11 49 2 36 30 15 27 9 7 36 21 2 28 4 15 19 49 39 23 45 11 19 36 24 37 26 9 32 48 30 13 33 41 44 34 34 49 
1 45 
5 45 26 35 28 3 
27 28 38 38 10 4 34 2 21 46 11 23 19 35 41 47 42 6 17 28 32 1 8 1 18 33 22 8 
22 50 29 17 5 31 5 41 24 18 8 21 1 25 21 19 7 7 41 5 17 21 32 
38 41 44 6 42 2 35 3 9 13 36 31 17 26 5 13 46 10 42 43 26 5 14 27 26 34 15 2 30 37 21 33 47 12 40 43 5 8 12 
25 38 43 43 39 47 24 35 47 34 21 30 5 12 25 21 2 18 26 46 18 17 20 13 32 12 
23 1 39 47 42 9 38 27 39 7 11 21 16 41 3 43 41 9 8 7 18 48 4 5 
42 39 46 27 19 24 30 46 50 18 26 26 44 4 14 3 5 23 32 43 41 41 12 46 25 43 35 50 39 25 10 11 9 47 43 9 3 48 49 10 15 49 37 
26 29 45 17 30 44 17 31 9 18 25 50 45 29 23 33 40 21 16 19 49 22 50 27 10 48 46 
31 15 47 18 27 33 7 13 48 7 7 41 47 4 44 16 13 44 7 7 22 46 41 2 42 15 16 32 35 32 22 21 
32 14 44 46 35 41 39 36 49 7 24 30 35 29 14 25 28 20 8 23 9 16 46 19 44 46 22 12 22 39 10 27 48 
26 15 17 10 30 27 23 13 47 9 23 44 35 45 5 12 27 47 18 12 16 36 34 17 6 24 24 
50 24 2 15 32 15 35 10 36 23 22 24 5 34 16 6 1 49 28 50 49 24 9 14 14 13 21 33 19 26 23 22 31 26 19 34 36 24 32 32 28 41 32 14 43 24 35 39 11 7 21 
